Model run by psingleton using Apollo 0.3.0 on R 4.2.1 for Windows.
Please acknowledge the use of Apollo by citing Hess & Palma (2019)
  DOI 10.1016/j.jocm.2019.100170
  www.ApolloChoiceModelling.com

Model name                                  : C
Model description                           : MMNL_het
Model run at                                : 2023-08-14 16:42:19
Estimation method                           : bgw
Model diagnosis                             : Relative function convergence
Optimisation diagnosis                      : Maximum found
     hessian properties                     : Negative definite
     maximum eigenvalue                     : -0.230187
     reciprocal of condition number         : 3.37454e-08
Number of individuals                       : 675
Number of rows in database                  : 6750
Number of modelled outcomes                 : 6750

Number of cores used                        :  7 
Number of inter-individual draws            : 1000 (mlhs)

LL(start)                                   : -6259.21
LL at equal shares, LL(0)                   : -7415.63
LL at observed shares, LL(C)                : -7285.02
LL(final)                                   : -6231.51
Rho-squared vs equal shares                  :  0.1597 
Adj.Rho-squared vs equal shares              :  0.1552 
Rho-squared vs observed shares               :  0.1446 
Adj.Rho-squared vs observed shares           :  0.1404 
AIC                                         :  12529.02 
BIC                                         :  12753.99 

Estimated parameters                        : 33
Time taken (hh:mm:ss)                       :  01:38:36.16 
     pre-estimation                         :  00:10:14.47 
     estimation                             :  00:15:12.32 
          initial estimation                :  00:14:27.89 
          estimation after rescaling        :  00:00:44.44 
     post-estimation                        :  01:13:9.37 
Iterations                                  :  41  
     initial estimation                     :  40 
     estimation after rescaling             :  1 

Unconstrained optimisation.

Estimates:
               Estimate        s.e.   t.rat.(0)  p(2-sided)    Rob.s.e. Rob.t.rat.(0)  p(2-sided)
m_ascC         0.898006    0.071685    12.52711     0.00000    0.077472      11.59132    0.000000
s_ascC         1.400027    0.070463    19.86905     0.00000    0.073907      18.94297    0.000000
m_ascA         0.273818    0.046936     5.83381   5.418e-09    0.048441       5.65260   1.580e-08
s_ascA         0.501070    0.071900     6.96900   3.192e-12    0.068811       7.28178   3.295e-13
ascB           0.000000          NA          NA          NA          NA            NA          NA
m_b_TC        -1.628491    0.117011   -13.91737     0.00000    0.146048     -11.15035    0.000000
s_b_TC         1.918042    0.104627    18.33225     0.00000    0.115792      16.56459    0.000000
g_TC           1.000000          NA          NA          NA          NA            NA          NA
m_g_TT        -1.644590    0.156760   -10.49114     0.00000    0.173785      -9.46337    0.000000
s_g_TT         1.296769    0.055549    23.34481     0.00000    0.064580      20.07990    0.000000
m_g_WT        -2.728414    0.224778   -12.13828     0.00000    0.301230      -9.05758    0.000000
s_g_WT         0.575947    0.052638    10.94170     0.00000    0.053411      10.78325    0.000000
m_g_IN        -1.441941    0.082534   -17.47086     0.00000    0.118445     -12.17391    0.000000
s_g_IN         1.835693    0.045602    40.25498     0.00000    0.033573      54.67779    0.000000
bt_age_60up   -0.421116    0.324625    -1.29724     0.19455    0.454887      -0.92576    0.354571
bw_age_60up   -0.585047    0.324217    -1.80449     0.07115    0.340662      -1.71738    0.085909
bt_race_oth   -0.415334    0.110160    -3.77026  1.6307e-04    0.121333      -3.42308  6.1916e-04
bw_race_oth   -0.185442    0.151582    -1.22338     0.22119    0.166745      -1.11213    0.266084
bt_educ_hsl   -0.271079    0.109532    -2.47488     0.01333    0.149783      -1.80981    0.070325
bw_educ_hsl   -0.381664    0.160203    -2.38238     0.01720    0.193986      -1.96748    0.049128
bt_hh_child    0.174828    0.026290     6.64994   2.932e-11    0.022734       7.69031   1.465e-14
bt_inc_0050   -0.150962    0.085170    -1.77249     0.07631    0.094699      -1.59413    0.110906
bt_inc_100p   -0.245312    0.110306    -2.22391     0.02615    0.145328      -1.68798    0.091415
bw_pt_subur   -0.352822    0.168664    -2.09186     0.03645    0.160352      -2.20029    0.027786
bt_pt_subsu    0.287858    0.111906     2.57232     0.01010    0.104537       2.75363    0.005894
bt_pt_rural    0.018134    0.125535     0.14446     0.88514    0.133868       0.13546    0.892246
bw_pt_rural   -0.330066    0.157587    -2.09450     0.03622    0.116533      -2.83239    0.004620
bt_cmode_at   -2.757379    0.676934    -4.07334   4.634e-05    0.279460      -9.86682    0.000000
bw_cmode_at   -3.573726    2.071159    -1.72547     0.08444    0.793908      -4.50144   6.750e-06
bt_sat_work    0.072192    0.051616     1.39863     0.16193    0.046961       1.53727    0.124226
bw_sat_work   -0.003832    0.072571    -0.05280     0.95789    0.053807      -0.07121    0.943229
bt_sat_comm   -0.137336    0.038435    -3.57317  3.5268e-04    0.037952      -3.61869  2.9610e-04
bw_sat_comm   -0.182552    0.048640    -3.75312  1.7465e-04    0.031088      -5.87205   4.304e-09
bt_TTPD       -0.003412    0.001583    -2.15597     0.03109    0.002072      -1.64656    0.099648
s_TTWT         1.248543    0.079403    15.72411     0.00000    0.071145      17.54939    0.000000


Overview of choices for MNL model component :
                                       C       A       B
Times available                  6750.00 6750.00 6750.00
Times chosen                     2843.00 2139.00 1768.00
Percentage chosen overall          42.12   31.69   26.19
Percentage chosen when available   42.12   31.69   26.19



Classical covariance matrix:
                 m_ascC      s_ascC      m_ascA      s_ascA      m_b_TC      s_b_TC      m_g_TT      s_g_TT      m_g_WT      s_g_WT
m_ascC         0.005139  5.5380e-04  9.7409e-04  2.7991e-04    0.001127  1.3398e-04 -3.4412e-04  1.4879e-04 -5.6920e-04  1.6212e-04
s_ascC       5.5380e-04    0.004965  1.9818e-04  -4.351e-06  6.1055e-04  6.9050e-04  5.4430e-04 -2.2021e-04  3.1222e-04  -1.461e-05
m_ascA       9.7409e-04  1.9818e-04    0.002203 -4.1167e-04  2.8801e-04  -7.820e-05  -4.190e-05   4.036e-05   5.586e-05  -1.539e-05
s_ascA       2.7991e-04  -4.351e-06 -4.1167e-04    0.005170  8.5422e-04 -6.4885e-04 -1.6346e-04   9.024e-05  -6.979e-05  -2.200e-05
m_b_TC         0.001127  6.1055e-04  2.8801e-04  8.5422e-04    0.013692   -0.007530   -0.003027  8.1344e-04   -0.004678  4.5800e-04
s_b_TC       1.3398e-04  6.9050e-04  -7.820e-05 -6.4885e-04   -0.007530    0.010947    0.002064 -9.3781e-04    0.002205  -1.464e-05
m_g_TT      -3.4412e-04  5.4430e-04  -4.190e-05 -1.6346e-04   -0.003027    0.002064    0.024574   -0.004109    0.013746   -0.002654
s_g_TT       1.4879e-04 -2.2021e-04   4.036e-05   9.024e-05  8.1344e-04 -9.3781e-04   -0.004109    0.003086   -0.003435  2.8331e-04
m_g_WT      -5.6920e-04  3.1222e-04   5.586e-05  -6.979e-05   -0.004678    0.002205    0.013746   -0.003435    0.050525   -0.007089
s_g_WT       1.6212e-04  -1.461e-05  -1.539e-05  -2.200e-05  4.5800e-04  -1.464e-05   -0.002654  2.8331e-04   -0.007089    0.002771
m_g_IN      -1.8161e-04  2.4004e-04  -1.611e-05  -3.612e-05   -0.002756    0.001933    0.006051   -0.002401    0.009586   -0.001415
s_g_IN        3.154e-05   5.367e-05   1.774e-05   4.011e-05  6.1149e-04 -8.9598e-04  1.6592e-04  8.0304e-04 -4.4140e-04 -3.6489e-04
bt_age_60up -3.6017e-04 -3.1703e-04 -5.3554e-04  3.9217e-04   -0.003272   -0.002619    0.001161   -0.001995    0.002788 -1.6223e-04
bw_age_60up -2.4877e-04 -1.6260e-04 -4.1365e-04  1.2435e-04   -0.001700   -0.002853 -8.5686e-04 -2.3648e-04 -2.8171e-04 -1.5843e-04
bt_race_oth  1.9690e-04 -3.5465e-04  -1.570e-05  2.1020e-04    0.001614   -0.001920   -0.005546    0.002096   -0.006961  4.9398e-04
bw_race_oth  3.4821e-04 -2.6152e-04  -2.573e-05  2.9952e-04    0.002539   -0.002451   -0.007359    0.003424   -0.013041    0.001020
bt_educ_hsl  2.8058e-04 -4.7304e-04   1.101e-05   4.832e-05    0.002180   -0.001570   -0.011790    0.003388   -0.011967    0.002133
bw_educ_hsl  4.8326e-04 -3.5531e-04   1.358e-05  1.1599e-04    0.002962   -0.001224   -0.009755    0.003956   -0.026349    0.002933
bt_hh_child   2.654e-05  -2.524e-05   2.333e-05   1.969e-05  3.0878e-04 -1.0397e-04   -0.001062  2.3644e-04   -0.001155  1.9311e-04
bt_inc_0050   5.366e-05  -1.463e-05   1.647e-05  2.1120e-04  6.4924e-04 -4.9901e-04   -0.003127    0.001004   -0.004485  3.1249e-04
bt_inc_100p  2.0409e-04 -2.5224e-04   8.101e-05  -9.981e-05    0.002686 -9.4822e-04   -0.006036    0.001405   -0.008342    0.001038
bw_pt_subur   7.656e-06  3.2167e-04  -6.006e-05  -3.109e-05   -0.001341    0.001247    0.004879   -0.002015   -0.015797    0.002271
bt_pt_subsu  1.4865e-04 -1.2051e-04   7.064e-05 -2.0404e-04    0.001164 -4.9754e-04   -0.005700    0.002136  3.8972e-04  3.3841e-04
bt_pt_rural   9.945e-05 -1.0742e-04   9.321e-05 -1.0286e-04    0.002416   -0.001806   -0.005538    0.002801   -0.007369  7.3595e-04
bw_pt_rural   8.404e-05  1.5142e-04   4.855e-05 -1.5860e-04    0.001007   4.373e-05 -9.6409e-04 -2.0107e-04   -0.016231    0.001942
bt_cmode_at -1.1122e-04   8.096e-05  3.0867e-04 -8.1438e-04  7.4499e-04    0.003461    0.002921   -0.003508    0.006814 -9.1758e-04
bw_cmode_at  6.8150e-04    0.001620    0.001245 -9.8727e-04   -0.005576    0.020360    0.022165   -0.011071    0.024292   -0.004353
bt_sat_work   5.815e-05  -4.812e-05   1.161e-05  -2.777e-05   7.550e-05  -9.480e-05   -0.003266  2.7359e-04    0.001026  1.1771e-04
bw_sat_work -1.1630e-04   7.889e-05  -5.612e-06  -4.213e-05  2.7450e-04 -2.1646e-04  1.1053e-04 -2.6117e-04   -0.008226  -3.130e-05
bt_sat_comm -1.0088e-04  1.0202e-04  -4.597e-05   4.288e-05 -6.6057e-04  3.7467e-04  7.1879e-04   -0.001123  6.1234e-04  -4.739e-05
bw_sat_comm   2.031e-05   8.820e-06   2.295e-05   5.316e-05 -2.1434e-04  3.2488e-04  8.2377e-04 -8.3472e-04   -0.001804  4.7923e-04
bt_TTPD      -3.906e-06   2.783e-06  -1.970e-06   1.645e-06  -4.126e-05   2.385e-05  -1.711e-05  -4.093e-05  1.0337e-04  -1.032e-05
s_TTWT       2.5803e-04 -2.1790e-04   1.717e-05  1.7851e-04  4.7965e-04 -3.7658e-04   -0.003141    0.002037   -0.006087  6.0402e-04
                 m_g_IN      s_g_IN bt_age_60up bw_age_60up bt_race_oth bw_race_oth bt_educ_hsl bw_educ_hsl bt_hh_child bt_inc_0050
m_ascC      -1.8161e-04   3.154e-05 -3.6017e-04 -2.4877e-04  1.9690e-04  3.4821e-04  2.8058e-04  4.8326e-04   2.654e-05   5.366e-05
s_ascC       2.4004e-04   5.367e-05 -3.1703e-04 -1.6260e-04 -3.5465e-04 -2.6152e-04 -4.7304e-04 -3.5531e-04  -2.524e-05  -1.463e-05
m_ascA       -1.611e-05   1.774e-05 -5.3554e-04 -4.1365e-04  -1.570e-05  -2.573e-05   1.101e-05   1.358e-05   2.333e-05   1.647e-05
s_ascA       -3.612e-05   4.011e-05  3.9217e-04  1.2435e-04  2.1020e-04  2.9952e-04   4.832e-05  1.1599e-04   1.969e-05  2.1120e-04
m_b_TC        -0.002756  6.1149e-04   -0.003272   -0.001700    0.001614    0.002539    0.002180    0.002962  3.0878e-04  6.4924e-04
s_b_TC         0.001933 -8.9598e-04   -0.002619   -0.002853   -0.001920   -0.002451   -0.001570   -0.001224 -1.0397e-04 -4.9901e-04
m_g_TT         0.006051  1.6592e-04    0.001161 -8.5686e-04   -0.005546   -0.007359   -0.011790   -0.009755   -0.001062   -0.003127
s_g_TT        -0.002401  8.0304e-04   -0.001995 -2.3648e-04    0.002096    0.003424    0.003388    0.003956  2.3644e-04    0.001004
m_g_WT         0.009586 -4.4140e-04    0.002788 -2.8171e-04   -0.006961   -0.013041   -0.011967   -0.026349   -0.001155   -0.004485
s_g_WT        -0.001415 -3.6489e-04 -1.6223e-04 -1.5843e-04  4.9398e-04    0.001020    0.002133    0.002933  1.9311e-04  3.1249e-04
m_g_IN         0.006812   -0.001945    0.001433   -0.001867   -0.003945   -0.006143   -0.005086   -0.005809 -4.0614e-04   -0.001767
s_g_IN        -0.001945    0.002080 -9.2954e-04  4.0241e-04    0.001213    0.001558  3.9268e-04  4.9151e-04   3.422e-05  6.5753e-04
bt_age_60up    0.001433 -9.2954e-04    0.105381    0.065574 -2.8847e-04 -1.9854e-04   -0.002028   -0.002833 -2.0052e-04   -0.002889
bw_age_60up   -0.001867  4.0241e-04    0.065574    0.105117  2.4066e-04    0.005084 -5.1407e-04  1.3431e-04 -5.7166e-04   -0.002260
bt_race_oth   -0.003945    0.001213 -2.8847e-04  2.4066e-04    0.012135    0.008865    0.005720    0.004942  3.9220e-04    0.001238
bw_race_oth   -0.006143    0.001558 -1.9854e-04    0.005084    0.008865    0.022977    0.006296    0.010846  5.1706e-04    0.002086
bt_educ_hsl   -0.005086  3.9268e-04   -0.002028 -5.1407e-04    0.005720    0.006296    0.011997    0.009261    0.001113    0.002325
bw_educ_hsl   -0.005809  4.9151e-04   -0.002833  1.3431e-04    0.004942    0.010846    0.009261    0.025665    0.001209    0.002352
bt_hh_child -4.0614e-04   3.422e-05 -2.0052e-04 -5.7166e-04  3.9220e-04  5.1706e-04    0.001113    0.001209  6.9118e-04  8.4607e-04
bt_inc_0050   -0.001767  6.5753e-04   -0.002889   -0.002260    0.001238    0.002086    0.002325    0.002352  8.4607e-04    0.007254
bt_inc_100p   -0.004894  8.1587e-04   -0.004543   -0.001651    0.005685    0.004427    0.006683    0.004407  2.1906e-04    0.003833
bw_pt_subur    0.001689 -7.6392e-04    0.003823  2.6492e-04   -0.002802   -0.001442   -0.004093    0.004423 -7.0722e-04 -9.8267e-04
bt_pt_subsu   -0.002209  5.9770e-04   -0.006005 -3.0346e-04 -9.0949e-04    0.001143  7.6907e-04    0.002977  -5.165e-05   -0.001459
bt_pt_rural   -0.004760  8.6917e-04   -0.005540   -0.002133    0.001731    0.004582    0.003854    0.005305  4.5198e-04    0.001377
bw_pt_rural   -0.001714 -2.1323e-04   -0.004947   -0.006484    0.001013   -0.001859    0.001427    0.002532 -2.1688e-04  7.6131e-04
bt_cmode_at    0.003354 -2.6700e-04  2.4518e-04   -0.001319   -0.002181   -0.006594   -0.004447   -0.006584   -0.001590   -0.001653
bw_cmode_at    0.017670   -0.004105   -0.005378   -0.017308   -0.012884   -0.037300   -0.019070   -0.022825   -0.003476   -0.007745
bt_sat_work  5.9004e-04 -2.8153e-04  6.8310e-04  6.8936e-04 -4.8722e-04 -4.7517e-04 -5.4219e-04 -5.1620e-04 -3.4229e-04   -0.001670
bw_sat_work  3.2621e-04 -1.7201e-04   2.596e-05 -5.2598e-04 -4.4882e-04   9.181e-05 -4.7527e-04    0.003177   2.525e-05 -1.4263e-04
bt_sat_comm    0.001385 -6.4079e-04    0.001121  1.1200e-04   -0.001693   -0.001208   -0.001046   -0.001043   1.551e-06  5.1158e-04
bw_sat_comm    0.001112 -5.3898e-04  2.9434e-04   -0.002114 -6.6997e-04   -0.002127 -6.0401e-04   7.613e-05   8.118e-06  3.5134e-04
bt_TTPD       7.138e-05  -2.554e-05   6.575e-05   2.469e-05  -5.851e-05  -7.148e-05  -5.789e-05  -8.043e-05  -1.252e-05  -4.587e-05
s_TTWT        -0.001987  7.5917e-04   -0.002393   -0.001015    0.002818    0.002998    0.003491    0.005314  3.9372e-04    0.001834
            bt_inc_100p bw_pt_subur bt_pt_subsu bt_pt_rural bw_pt_rural bt_cmode_at bw_cmode_at bt_sat_work bw_sat_work bt_sat_comm
m_ascC       2.0409e-04   7.656e-06  1.4865e-04   9.945e-05   8.404e-05 -1.1122e-04  6.8150e-04   5.815e-05 -1.1630e-04 -1.0088e-04
s_ascC      -2.5224e-04  3.2167e-04 -1.2051e-04 -1.0742e-04  1.5142e-04   8.096e-05    0.001620  -4.812e-05   7.889e-05  1.0202e-04
m_ascA        8.101e-05  -6.006e-05   7.064e-05   9.321e-05   4.855e-05  3.0867e-04    0.001245   1.161e-05  -5.612e-06  -4.597e-05
s_ascA       -9.981e-05  -3.109e-05 -2.0404e-04 -1.0286e-04 -1.5860e-04 -8.1438e-04 -9.8727e-04  -2.777e-05  -4.213e-05   4.288e-05
m_b_TC         0.002686   -0.001341    0.001164    0.002416    0.001007  7.4499e-04   -0.005576   7.550e-05  2.7450e-04 -6.6057e-04
s_b_TC      -9.4822e-04    0.001247 -4.9754e-04   -0.001806   4.373e-05    0.003461    0.020360  -9.480e-05 -2.1646e-04  3.7467e-04
m_g_TT        -0.006036    0.004879   -0.005700   -0.005538 -9.6409e-04    0.002921    0.022165   -0.003266  1.1053e-04  7.1879e-04
s_g_TT         0.001405   -0.002015    0.002136    0.002801 -2.0107e-04   -0.003508   -0.011071  2.7359e-04 -2.6117e-04   -0.001123
m_g_WT        -0.008342   -0.015797  3.8972e-04   -0.007369   -0.016231    0.006814    0.024292    0.001026   -0.008226  6.1234e-04
s_g_WT         0.001038    0.002271  3.3841e-04  7.3595e-04    0.001942 -9.1758e-04   -0.004353  1.1771e-04  -3.130e-05  -4.739e-05
m_g_IN        -0.004894    0.001689   -0.002209   -0.004760   -0.001714    0.003354    0.017670  5.9004e-04  3.2621e-04    0.001385
s_g_IN       8.1587e-04 -7.6392e-04  5.9770e-04  8.6917e-04 -2.1323e-04 -2.6700e-04   -0.004105 -2.8153e-04 -1.7201e-04 -6.4079e-04
bt_age_60up   -0.004543    0.003823   -0.006005   -0.005540   -0.004947  2.4518e-04   -0.005378  6.8310e-04   2.596e-05    0.001121
bw_age_60up   -0.001651  2.6492e-04 -3.0346e-04   -0.002133   -0.006484   -0.001319   -0.017308  6.8936e-04 -5.2598e-04  1.1200e-04
bt_race_oth    0.005685   -0.002802 -9.0949e-04    0.001731    0.001013   -0.002181   -0.012884 -4.8722e-04 -4.4882e-04   -0.001693
bw_race_oth    0.004427   -0.001442    0.001143    0.004582   -0.001859   -0.006594   -0.037300 -4.7517e-04   9.181e-05   -0.001208
bt_educ_hsl    0.006683   -0.004093  7.6907e-04    0.003854    0.001427   -0.004447   -0.019070 -5.4219e-04 -4.7527e-04   -0.001046
bw_educ_hsl    0.004407    0.004423    0.002977    0.005305    0.002532   -0.006584   -0.022825 -5.1620e-04    0.003177   -0.001043
bt_hh_child  2.1906e-04 -7.0722e-04  -5.165e-05  4.5198e-04 -2.1688e-04   -0.001590   -0.003476 -3.4229e-04   2.525e-05   1.551e-06
bt_inc_0050    0.003833 -9.8267e-04   -0.001459    0.001377  7.6131e-04   -0.001653   -0.007745   -0.001670 -1.4263e-04  5.1158e-04
bt_inc_100p    0.012167   -0.004037  5.0873e-04    0.004418    0.002845    0.002400   -0.007151   -0.001952 -2.1707e-04   -0.001592
bw_pt_subur   -0.004037    0.028448   -0.004781   -0.004915    0.007850  5.4983e-04    0.015549 -2.3763e-04    0.004644    0.001087
bt_pt_subsu  5.0873e-04   -0.004781    0.012523    0.004696   -0.002104  6.3867e-04   -0.007391    0.002414 -4.8229e-04   -0.001605
bt_pt_rural    0.004418   -0.004915    0.004696    0.015759    0.006289   -0.002880   -0.015744  2.7162e-04  2.9119e-04   -0.001239
bw_pt_rural    0.002845    0.007850   -0.002104    0.006289    0.024834  7.9739e-04    0.009086 -5.2806e-04    0.003721   6.633e-05
bt_cmode_at    0.002400  5.4983e-04  6.3867e-04   -0.002880  7.9739e-04    0.458239    0.454700    0.001226  -4.046e-05  -2.816e-05
bw_cmode_at   -0.007151    0.015549   -0.007391   -0.015744    0.009086    0.454700    4.289701    0.001641    0.003060    0.002859
bt_sat_work   -0.001952 -2.3763e-04    0.002414  2.7162e-04 -5.2806e-04    0.001226    0.001641    0.002664 -1.6506e-04 -2.5795e-04
bw_sat_work -2.1707e-04    0.004644 -4.8229e-04  2.9119e-04    0.003721  -4.046e-05    0.003060 -1.6506e-04    0.005267  3.6149e-04
bt_sat_comm   -0.001592    0.001087   -0.001605   -0.001239   6.633e-05  -2.816e-05    0.002859 -2.5795e-04  3.6149e-04    0.001477
bw_sat_comm -7.8800e-04    0.004106   -0.001458   -0.001183    0.001228  8.5538e-04    0.006370   6.287e-05  -8.852e-05  6.6357e-04
bt_TTPD      -8.202e-05   6.122e-05  -2.404e-05  -9.806e-05  -2.390e-05   5.027e-05  2.1607e-04   2.331e-05   9.656e-06   2.803e-05
s_TTWT         0.001567   -0.003181  6.8032e-04    0.001881    0.001178   -0.002660   -0.011583  -5.879e-06   -0.001285 -7.8831e-04
            bw_sat_comm     bt_TTPD      s_TTWT
m_ascC        2.031e-05  -3.906e-06  2.5803e-04
s_ascC        8.820e-06   2.783e-06 -2.1790e-04
m_ascA        2.295e-05  -1.970e-06   1.717e-05
s_ascA        5.316e-05   1.645e-06  1.7851e-04
m_b_TC      -2.1434e-04  -4.126e-05  4.7965e-04
s_b_TC       3.2488e-04   2.385e-05 -3.7658e-04
m_g_TT       8.2377e-04  -1.711e-05   -0.003141
s_g_TT      -8.3472e-04  -4.093e-05    0.002037
m_g_WT        -0.001804  1.0337e-04   -0.006087
s_g_WT       4.7923e-04  -1.032e-05  6.0402e-04
m_g_IN         0.001112   7.138e-05   -0.001987
s_g_IN      -5.3898e-04  -2.554e-05  7.5917e-04
bt_age_60up  2.9434e-04   6.575e-05   -0.002393
bw_age_60up   -0.002114   2.469e-05   -0.001015
bt_race_oth -6.6997e-04  -5.851e-05    0.002818
bw_race_oth   -0.002127  -7.148e-05    0.002998
bt_educ_hsl -6.0401e-04  -5.789e-05    0.003491
bw_educ_hsl   7.613e-05  -8.043e-05    0.005314
bt_hh_child   8.118e-06  -1.252e-05  3.9372e-04
bt_inc_0050  3.5134e-04  -4.587e-05    0.001834
bt_inc_100p -7.8800e-04  -8.202e-05    0.001567
bw_pt_subur    0.004106   6.122e-05   -0.003181
bt_pt_subsu   -0.001458  -2.404e-05  6.8032e-04
bt_pt_rural   -0.001183  -9.806e-05    0.001881
bw_pt_rural    0.001228  -2.390e-05    0.001178
bt_cmode_at  8.5538e-04   5.027e-05   -0.002660
bw_cmode_at    0.006370  2.1607e-04   -0.011583
bt_sat_work   6.287e-05   2.331e-05  -5.879e-06
bw_sat_work  -8.852e-05   9.656e-06   -0.001285
bt_sat_comm  6.6357e-04   2.803e-05 -7.8831e-04
bw_sat_comm    0.002366   8.517e-06 -4.4204e-04
bt_TTPD       8.517e-06   2.505e-06  -4.162e-05
s_TTWT      -4.4204e-04  -4.162e-05    0.006305

Robust covariance matrix:
                 m_ascC      s_ascC      m_ascA      s_ascA      m_b_TC      s_b_TC      m_g_TT      s_g_TT      m_g_WT      s_g_WT
m_ascC         0.006002  6.7706e-04    0.001306  7.5404e-04    0.003637 -6.9108e-04   -0.002032  7.1750e-04   -0.002777  5.5601e-04
s_ascC       6.7706e-04    0.005462  -1.426e-06 -1.3578e-04 -3.7629e-04    0.001798    0.001288 -4.7523e-04  3.4629e-04   6.097e-05
m_ascA         0.001306  -1.426e-06    0.002347 -1.4035e-04  -2.643e-05  2.7311e-04  -5.987e-05   8.548e-05  4.4469e-04  -9.330e-05
s_ascA       7.5404e-04 -1.3578e-04 -1.4035e-04    0.004735    0.001187   -0.001116 -3.0454e-04  2.8423e-04 -5.3701e-04   6.423e-05
m_b_TC         0.003637 -3.7629e-04  -2.643e-05    0.001187    0.021330   -0.011540   -0.009584    0.004036   -0.016209    0.001771
s_b_TC      -6.9108e-04    0.001798  2.7311e-04   -0.001116   -0.011540    0.013408    0.002826   -0.001876    0.005364  1.4132e-04
m_g_TT        -0.002032    0.001288  -5.987e-05 -3.0454e-04   -0.009584    0.002826    0.030201   -0.008955    0.035942   -0.005854
s_g_TT       7.1750e-04 -4.7523e-04   8.548e-05  2.8423e-04    0.004036   -0.001876   -0.008955    0.004171   -0.012250    0.001523
m_g_WT        -0.002777  3.4629e-04  4.4469e-04 -5.3701e-04   -0.016209    0.005364    0.035942   -0.012250    0.090739   -0.013833
s_g_WT       5.5601e-04   6.097e-05  -9.330e-05   6.423e-05    0.001771  1.4132e-04   -0.005854    0.001523   -0.013833    0.002853
m_g_IN        -0.001377  6.7706e-04  -4.407e-05 -3.5081e-04   -0.008415    0.004202    0.016299   -0.006562    0.029145   -0.004126
s_g_IN       1.7798e-04 -1.5253e-04   8.189e-05  1.1881e-04    0.002129   -0.001935   -0.001282    0.001269   -0.002329 -1.0717e-04
bt_age_60up   -0.004559    0.001108   -0.001551  4.5353e-04   -0.014613   -0.003993    0.019403   -0.008779    0.022445   -0.002972
bw_age_60up   -0.002450  7.1635e-04 -8.6485e-04    0.001009   -0.007532   -0.006285    0.006572   -0.002443    0.005297   -0.001376
bt_race_oth  9.6733e-04 -7.8168e-04  1.8737e-04  2.8136e-04    0.006342   -0.004427   -0.013524    0.005275   -0.021678    0.002478
bw_race_oth    0.001611 -8.4134e-04   1.168e-05    0.001020    0.009382   -0.005892   -0.019123    0.007845   -0.038445    0.005107
bt_educ_hsl    0.001915   -0.001037   9.946e-05  3.4388e-04    0.008772   -0.002833   -0.023257    0.008184   -0.035253    0.005372
bw_educ_hsl    0.002029 -7.6239e-04 -2.3801e-04  6.1815e-04    0.011212   -0.004248   -0.025444    0.009540   -0.053244    0.007746
bt_hh_child  2.5082e-04 -1.5693e-04   2.985e-05  1.0588e-04    0.001230 -4.9722e-04   -0.002494  9.8480e-04   -0.004154  5.3742e-04
bt_inc_0050  8.0882e-04 -5.7256e-04   9.812e-05  5.0048e-04    0.004277   -0.002584   -0.008635    0.003616   -0.015258    0.001672
bt_inc_100p    0.001774 -9.0850e-04  1.9149e-04  1.2284e-04    0.009152   -0.003347   -0.018811    0.006902   -0.031588    0.004305
bw_pt_subur -9.1656e-04    0.001534 -4.0591e-04 -2.2613e-04   -0.004362    0.002267    0.007630   -0.003734   -0.012081    0.002547
bt_pt_subsu  5.0438e-04 -5.4020e-04  -1.115e-05 -1.4340e-04    0.002903 -5.8620e-04   -0.006272    0.002735   -0.001047  4.5658e-04
bt_pt_rural    0.001217 -7.8739e-04  -7.062e-05  3.9211e-04    0.008310   -0.004055   -0.015794    0.007044   -0.025828    0.003267
bw_pt_rural  4.6866e-04  5.6924e-04  -9.799e-05 -2.4237e-04    0.003349  5.5045e-04   -0.006546    0.002049   -0.024318    0.003385
bt_cmode_at   -0.001087  2.8989e-04 -1.1064e-04   -0.001959   -0.003156    0.005150    0.009598   -0.004949    0.019786   -0.002570
bw_cmode_at  1.5414e-04    0.005926  6.6005e-04   -0.003515   -0.022153    0.028849    0.049684   -0.022285    0.085280   -0.011193
bt_sat_work -1.5786e-04  -2.043e-05  -3.367e-05 -1.0288e-04 -6.8592e-04  4.3884e-04  5.9128e-04 -7.2200e-04    0.005716 -4.9875e-04
bw_sat_work -3.1115e-04  1.9985e-04 -1.4140e-04 -1.2307e-04  4.1319e-04 -5.3471e-04  8.4844e-04 -2.9894e-04   -0.006617  4.2360e-04
bt_sat_comm -3.8644e-04  1.8976e-04  -8.599e-05  -1.460e-05   -0.002254  9.5924e-04    0.003554   -0.001863    0.004769 -5.5449e-04
bw_sat_comm  -9.228e-05  1.2949e-04  -1.583e-05  -2.172e-05 -9.1747e-04  6.5166e-04    0.001996   -0.001070  8.6182e-04   8.313e-05
bt_TTPD      -2.427e-05   1.402e-05  -2.231e-06  -7.936e-06 -1.4986e-04   7.898e-05  1.9975e-04 -1.0899e-04  4.1357e-04  -5.054e-05
s_TTWT       8.7300e-04 -4.9264e-04   7.956e-05  3.8645e-04    0.003622   -0.001078   -0.008855    0.003679   -0.013182    0.001866
                 m_g_IN      s_g_IN bt_age_60up bw_age_60up bt_race_oth bw_race_oth bt_educ_hsl bw_educ_hsl bt_hh_child bt_inc_0050
m_ascC        -0.001377  1.7798e-04   -0.004559   -0.002450  9.6733e-04    0.001611    0.001915    0.002029  2.5082e-04  8.0882e-04
s_ascC       6.7706e-04 -1.5253e-04    0.001108  7.1635e-04 -7.8168e-04 -8.4134e-04   -0.001037 -7.6239e-04 -1.5693e-04 -5.7256e-04
m_ascA       -4.407e-05   8.189e-05   -0.001551 -8.6485e-04  1.8737e-04   1.168e-05   9.946e-05 -2.3801e-04   2.985e-05   9.812e-05
s_ascA      -3.5081e-04  1.1881e-04  4.5353e-04    0.001009  2.8136e-04    0.001020  3.4388e-04  6.1815e-04  1.0588e-04  5.0048e-04
m_b_TC        -0.008415    0.002129   -0.014613   -0.007532    0.006342    0.009382    0.008772    0.011212    0.001230    0.004277
s_b_TC         0.004202   -0.001935   -0.003993   -0.006285   -0.004427   -0.005892   -0.002833   -0.004248 -4.9722e-04   -0.002584
m_g_TT         0.016299   -0.001282    0.019403    0.006572   -0.013524   -0.019123   -0.023257   -0.025444   -0.002494   -0.008635
s_g_TT        -0.006562    0.001269   -0.008779   -0.002443    0.005275    0.007845    0.008184    0.009540  9.8480e-04    0.003616
m_g_WT         0.029145   -0.002329    0.022445    0.005297   -0.021678   -0.038445   -0.035253   -0.053244   -0.004154   -0.015258
s_g_WT        -0.004126 -1.0717e-04   -0.002972   -0.001376    0.002478    0.005107    0.005372    0.007746  5.3742e-04    0.001672
m_g_IN         0.014029   -0.002366    0.010885  8.9568e-04   -0.010661   -0.016637   -0.016062   -0.019291   -0.001899   -0.007145
s_g_IN        -0.002366    0.001127   -0.002075  4.7002e-04    0.002128    0.002763    0.001879    0.001959  2.9150e-04    0.001458
bt_age_60up    0.010885   -0.002075    0.206922    0.118431   -0.010543   -0.008412   -0.019829   -0.016116   -0.003038   -0.011921
bw_age_60up  8.9568e-04  4.7002e-04    0.118431    0.116051   -0.002988    0.002428   -0.006841   -0.003004   -0.001471   -0.004885
bt_race_oth   -0.010661    0.002128   -0.010543   -0.002988    0.014722    0.015074    0.013661    0.014468    0.001593    0.006597
bw_race_oth   -0.016637    0.002763   -0.008412    0.002428    0.015074    0.027804    0.018861    0.026091    0.002193    0.008383
bt_educ_hsl   -0.016062    0.001879   -0.019829   -0.006841    0.013661    0.018861    0.022435    0.024281    0.002633    0.009461
bw_educ_hsl   -0.019291    0.001959   -0.016116   -0.003004    0.014468    0.026091    0.024281    0.037631    0.002967    0.010395
bt_hh_child   -0.001899  2.9150e-04   -0.003038   -0.001471    0.001593    0.002193    0.002633    0.002967  5.1682e-04    0.001855
bt_inc_0050   -0.007145    0.001458   -0.011921   -0.004885    0.006597    0.008383    0.009461    0.010395    0.001855    0.008968
bt_inc_100p   -0.015329    0.002435   -0.021791   -0.008147    0.013523    0.017167    0.019727    0.020960    0.002378    0.009730
bw_pt_subur    0.004078   -0.001862    0.015781    0.007873   -0.005144 -7.6617e-04   -0.007139    0.001717   -0.001279   -0.005610
bt_pt_subsu   -0.003080  6.5680e-04   -0.010256   -0.002608 -9.7525e-04    0.001560    0.002806    0.003612 -1.2247e-04   -0.002040
bt_pt_rural   -0.013419    0.002468   -0.014178   -0.004147    0.008445    0.015547    0.015286    0.018082    0.002079    0.007665
bw_pt_rural   -0.005983  3.1843e-04   -0.011718   -0.008793    0.004692    0.007423    0.007141    0.010343  8.2619e-04    0.003391
bt_cmode_at    0.008371   -0.001241    0.004816   -0.002319   -0.007148   -0.012640   -0.010276   -0.014214   -0.001897   -0.006477
bw_cmode_at    0.043954   -0.008550    0.008778   -0.022926   -0.034606   -0.064097   -0.049320   -0.063305   -0.007011   -0.026813
bt_sat_work    0.002358 -5.2326e-04    0.003101    0.001010   -0.002399   -0.002691   -0.002948   -0.003471 -6.5860e-04   -0.003096
bw_sat_work -1.6111e-04 -1.0691e-04  8.3139e-04  7.0670e-04  1.6827e-04  5.1824e-04 -4.5276e-04    0.002318   4.783e-07  2.3992e-04
bt_sat_comm    0.003179 -8.0753e-04    0.004831    0.001532   -0.002564   -0.003353   -0.003541   -0.003781 -2.7714e-04 -6.4330e-04
bw_sat_comm    0.001740 -5.0682e-04    0.001467 -8.6087e-04   -0.001372   -0.001924   -0.001899   -0.001522 -1.9317e-04 -7.9442e-04
bt_TTPD      2.1816e-04  -4.881e-05  2.6385e-04   8.262e-05 -1.6478e-04 -2.5335e-04 -2.4134e-04 -2.8379e-04  -3.585e-05 -1.4261e-04
s_TTWT        -0.006251    0.001013   -0.009631   -0.004133    0.005501    0.007920    0.008601    0.010193    0.001173    0.004419
            bt_inc_100p bw_pt_subur bt_pt_subsu bt_pt_rural bw_pt_rural bt_cmode_at bw_cmode_at bt_sat_work bw_sat_work bt_sat_comm
m_ascC         0.001774 -9.1656e-04  5.0438e-04    0.001217  4.6866e-04   -0.001087  1.5414e-04 -1.5786e-04 -3.1115e-04 -3.8644e-04
s_ascC      -9.0850e-04    0.001534 -5.4020e-04 -7.8739e-04  5.6924e-04  2.8989e-04    0.005926  -2.043e-05  1.9985e-04  1.8976e-04
m_ascA       1.9149e-04 -4.0591e-04  -1.115e-05  -7.062e-05  -9.799e-05 -1.1064e-04  6.6005e-04  -3.367e-05 -1.4140e-04  -8.599e-05
s_ascA       1.2284e-04 -2.2613e-04 -1.4340e-04  3.9211e-04 -2.4237e-04   -0.001959   -0.003515 -1.0288e-04 -1.2307e-04  -1.460e-05
m_b_TC         0.009152   -0.004362    0.002903    0.008310    0.003349   -0.003156   -0.022153 -6.8592e-04  4.1319e-04   -0.002254
s_b_TC        -0.003347    0.002267 -5.8620e-04   -0.004055  5.5045e-04    0.005150    0.028849  4.3884e-04 -5.3471e-04  9.5924e-04
m_g_TT        -0.018811    0.007630   -0.006272   -0.015794   -0.006546    0.009598    0.049684  5.9128e-04  8.4844e-04    0.003554
s_g_TT         0.006902   -0.003734    0.002735    0.007044    0.002049   -0.004949   -0.022285 -7.2200e-04 -2.9894e-04   -0.001863
m_g_WT        -0.031588   -0.012081   -0.001047   -0.025828   -0.024318    0.019786    0.085280    0.005716   -0.006617    0.004769
s_g_WT         0.004305    0.002547  4.5658e-04    0.003267    0.003385   -0.002570   -0.011193 -4.9875e-04  4.2360e-04 -5.5449e-04
m_g_IN        -0.015329    0.004078   -0.003080   -0.013419   -0.005983    0.008371    0.043954    0.002358 -1.6111e-04    0.003179
s_g_IN         0.002435   -0.001862  6.5680e-04    0.002468  3.1843e-04   -0.001241   -0.008550 -5.2326e-04 -1.0691e-04 -8.0753e-04
bt_age_60up   -0.021791    0.015781   -0.010256   -0.014178   -0.011718    0.004816    0.008778    0.003101  8.3139e-04    0.004831
bw_age_60up   -0.008147    0.007873   -0.002608   -0.004147   -0.008793   -0.002319   -0.022926    0.001010  7.0670e-04    0.001532
bt_race_oth    0.013523   -0.005144 -9.7525e-04    0.008445    0.004692   -0.007148   -0.034606   -0.002399  1.6827e-04   -0.002564
bw_race_oth    0.017167 -7.6617e-04    0.001560    0.015547    0.007423   -0.012640   -0.064097   -0.002691  5.1824e-04   -0.003353
bt_educ_hsl    0.019727   -0.007139    0.002806    0.015286    0.007141   -0.010276   -0.049320   -0.002948 -4.5276e-04   -0.003541
bw_educ_hsl    0.020960    0.001717    0.003612    0.018082    0.010343   -0.014214   -0.063305   -0.003471    0.002318   -0.003781
bt_hh_child    0.002378   -0.001279 -1.2247e-04    0.002079  8.2619e-04   -0.001897   -0.007011 -6.5860e-04   4.783e-07 -2.7714e-04
bt_inc_0050    0.009730   -0.005610   -0.002040    0.007665    0.003391   -0.006477   -0.026813   -0.003096  2.3992e-04 -6.4330e-04
bt_inc_100p    0.021120   -0.007918    0.001879    0.014523    0.007178   -0.006684   -0.041981   -0.003985  2.1477e-04   -0.003565
bw_pt_subur   -0.007918    0.025713   -0.003321   -0.007196    0.005763    0.001616    0.016748    0.001192    0.004572    0.001544
bt_pt_subsu    0.001879   -0.003321    0.010928    0.004841   -0.001522  8.7658e-04   -0.007220    0.002237   -0.001234   -0.002236
bt_pt_rural    0.014523   -0.007196    0.004841    0.017921    0.006919   -0.008705   -0.044937   -0.002134   7.301e-05   -0.003108
bw_pt_rural    0.007178    0.005763   -0.001522    0.006919    0.013580   -0.003012   -0.008598   -0.001705    0.003453 -7.8281e-04
bt_cmode_at   -0.006684    0.001616  8.7658e-04   -0.008705   -0.003012    0.078098    0.098452    0.002322 -4.9485e-04  9.6287e-04
bw_cmode_at   -0.041981    0.016748   -0.007220   -0.044937   -0.008598    0.098452    0.630290    0.008049    0.001224    0.008168
bt_sat_work   -0.003985    0.001192    0.002237   -0.002134   -0.001705    0.002322    0.008049    0.002205 -5.8327e-04   7.869e-05
bw_sat_work  2.1477e-04    0.004572   -0.001234   7.301e-05    0.003453 -4.9485e-04    0.001224 -5.8327e-04    0.002895  2.5132e-04
bt_sat_comm   -0.003565    0.001544   -0.002236   -0.003108 -7.8281e-04  9.6287e-04    0.008168   7.869e-05  2.5132e-04    0.001440
bw_sat_comm   -0.001949    0.003246 -9.5846e-04   -0.002110  1.1025e-04    0.001049    0.006891  2.5869e-04  2.8662e-04  5.5590e-04
bt_TTPD     -2.5041e-04  1.1264e-04  -3.773e-05 -2.3446e-04  -8.455e-05  1.4249e-04  7.1308e-04   5.346e-05   1.147e-06   5.299e-05
s_TTWT         0.006996   -0.004270    0.001113    0.006488    0.002429   -0.004871   -0.021916   -0.001050 -9.2621e-04   -0.001418
            bw_sat_comm     bt_TTPD      s_TTWT
m_ascC       -9.228e-05  -2.427e-05  8.7300e-04
s_ascC       1.2949e-04   1.402e-05 -4.9264e-04
m_ascA       -1.583e-05  -2.231e-06   7.956e-05
s_ascA       -2.172e-05  -7.936e-06  3.8645e-04
m_b_TC      -9.1747e-04 -1.4986e-04    0.003622
s_b_TC       6.5166e-04   7.898e-05   -0.001078
m_g_TT         0.001996  1.9975e-04   -0.008855
s_g_TT        -0.001070 -1.0899e-04    0.003679
m_g_WT       8.6182e-04  4.1357e-04   -0.013182
s_g_WT        8.313e-05  -5.054e-05    0.001866
m_g_IN         0.001740  2.1816e-04   -0.006251
s_g_IN      -5.0682e-04  -4.881e-05    0.001013
bt_age_60up    0.001467  2.6385e-04   -0.009631
bw_age_60up -8.6087e-04   8.262e-05   -0.004133
bt_race_oth   -0.001372 -1.6478e-04    0.005501
bw_race_oth   -0.001924 -2.5335e-04    0.007920
bt_educ_hsl   -0.001899 -2.4134e-04    0.008601
bw_educ_hsl   -0.001522 -2.8379e-04    0.010193
bt_hh_child -1.9317e-04  -3.585e-05    0.001173
bt_inc_0050 -7.9442e-04 -1.4261e-04    0.004419
bt_inc_100p   -0.001949 -2.5041e-04    0.006996
bw_pt_subur    0.003246  1.1264e-04   -0.004270
bt_pt_subsu -9.5846e-04  -3.773e-05    0.001113
bt_pt_rural   -0.002110 -2.3446e-04    0.006488
bw_pt_rural  1.1025e-04  -8.455e-05    0.002429
bt_cmode_at    0.001049  1.4249e-04   -0.004871
bw_cmode_at    0.006891  7.1308e-04   -0.021916
bt_sat_work  2.5869e-04   5.346e-05   -0.001050
bw_sat_work  2.8662e-04   1.147e-06 -9.2621e-04
bt_sat_comm  5.5590e-04   5.299e-05   -0.001418
bw_sat_comm  9.6649e-04   2.842e-05 -8.5239e-04
bt_TTPD       2.842e-05   4.294e-06 -1.0701e-04
s_TTWT      -8.5239e-04 -1.0701e-04    0.005062

Classical correlation matrix:
                 m_ascC      s_ascC      m_ascA      s_ascA      m_b_TC      s_b_TC      m_g_TT      s_g_TT      m_g_WT      s_g_WT
m_ascC         1.000000    0.109640    0.289509    0.054308    0.134334    0.017864   -0.030623     0.03737   -0.035325    0.042966
s_ascC         0.109640    1.000000    0.059923 -8.5881e-04    0.074052    0.093662    0.049277    -0.05626    0.019713   -0.003940
m_ascA         0.289509    0.059923    1.000000   -0.121985    0.052441   -0.015925   -0.005694     0.01548    0.005295   -0.006230
s_ascA         0.054308 -8.5881e-04   -0.121985    1.000000    0.101534   -0.086252   -0.014503     0.02259   -0.004318   -0.005812
m_b_TC         0.134334    0.074052    0.052441    0.101534    1.000000   -0.615078   -0.165008     0.12515   -0.177843    0.074360
s_b_TC         0.017864    0.093662   -0.015925   -0.086252   -0.615078    1.000000    0.125849    -0.16136    0.093742   -0.002658
m_g_TT        -0.030623    0.049277   -0.005694   -0.014503   -0.165008    0.125849    1.000000    -0.47187    0.390111   -0.321657
s_g_TT         0.037366   -0.056260    0.015481    0.022593    0.125149   -0.161361   -0.471867     1.00000   -0.275090    0.096893
m_g_WT        -0.035325    0.019713    0.005295   -0.004318   -0.177843    0.093742    0.390111    -0.27509    1.000000   -0.599147
s_g_WT         0.042966   -0.003940   -0.006230   -0.005812    0.074360   -0.002658   -0.321657     0.09689   -0.599147    1.000000
m_g_IN        -0.030696    0.041275   -0.004158   -0.006088   -0.285426    0.223903    0.467686    -0.52377    0.516716   -0.325816
s_g_IN         0.009649    0.016702    0.008287    0.012234    0.114598   -0.187791    0.023210     0.31702   -0.043062   -0.152015
bt_age_60up   -0.015478   -0.013860   -0.035148    0.016802   -0.086148   -0.077110    0.022820    -0.11064    0.038205   -0.009494
bw_age_60up   -0.010704   -0.007117   -0.027183    0.005334   -0.044807   -0.084107   -0.016859    -0.01313   -0.003866   -0.009284
bt_race_oth    0.024933   -0.045689   -0.003036    0.026538    0.125192   -0.166584   -0.321151     0.34251   -0.281127    0.085190
bw_race_oth    0.032045   -0.024485   -0.003617    0.027482    0.143162   -0.154542   -0.309709     0.40669   -0.382748    0.127832
bt_educ_hsl    0.035735   -0.061291    0.002142    0.006136    0.170106   -0.137028   -0.686653     0.55686   -0.486058    0.369873
bw_educ_hsl    0.042081   -0.031475    0.001806    0.010070    0.158008   -0.072997   -0.388445     0.44456   -0.731723    0.347769
bt_hh_child    0.014083   -0.013623    0.018905    0.010419    0.100374   -0.037800   -0.257644     0.16190   -0.195395    0.139544
bt_inc_0050    0.008789   -0.002439    0.004119    0.034489    0.065147   -0.055999   -0.234246     0.21232   -0.234261    0.069704
bt_inc_100p    0.025811   -0.032453    0.015646   -0.012584    0.208094   -0.082161   -0.349073     0.22934   -0.336432    0.178704
bw_pt_subur  6.3320e-04    0.027066   -0.007587   -0.002564   -0.067960    0.070661    0.184537    -0.21502   -0.416672    0.255825
bt_pt_subsu    0.018531   -0.015284    0.013448   -0.025359    0.088868   -0.042494   -0.324954     0.34365    0.015493    0.057451
bt_pt_rural    0.011052   -0.012144    0.015819   -0.011396    0.164445   -0.137539   -0.281439     0.40174   -0.261139    0.111375
