Model run by psingleton using Apollo 0.3.0 on R 4.2.1 for Windows.
Please acknowledge the use of Apollo by citing Hess & Palma (2019)
  DOI 10.1016/j.jocm.2019.100170
  www.ApolloChoiceModelling.com

Model name                                  : C
Model description                           : MMNL_het
Model run at                                : 2023-08-14 13:54:35
Estimation method                           : bgw
Model diagnosis                             : Relative function convergence
Optimisation diagnosis                      : Maximum found
     hessian properties                     : Negative definite
     maximum eigenvalue                     : -0.439701
     reciprocal of condition number         : 5.34815e-08
Number of individuals                       : 675
Number of rows in database                  : 6750
Number of modelled outcomes                 : 6750

Number of cores used                        :  7 
Number of inter-individual draws            : 1000 (mlhs)

LL(start)                                   : -6259.21
LL at equal shares, LL(0)                   : -7415.63
LL at observed shares, LL(C)                : -7285.02
LL(final)                                   : -6228.2
Rho-squared vs equal shares                  :  0.1601 
Adj.Rho-squared vs equal shares              :  0.1555 
Rho-squared vs observed shares               :  0.1451 
Adj.Rho-squared vs observed shares           :  0.1407 
AIC                                         :  12524.39 
BIC                                         :  12756.18 

Estimated parameters                        : 34
Time taken (hh:mm:ss)                       :  01:49:35.59 
     pre-estimation                         :  00:10:46.71 
     estimation                             :  00:19:41.57 
          initial estimation                :  00:18:55.57 
          estimation after rescaling        :  00:00:46.01 
     post-estimation                        :  01:19:7.3 
Iterations                                  :  52  
     initial estimation                     :  51 
     estimation after rescaling             :  1 

Unconstrained optimisation.

Estimates:
               Estimate        s.e.   t.rat.(0)  p(2-sided)    Rob.s.e. Rob.t.rat.(0)  p(2-sided)
m_ascC         0.894657    0.071411     12.5283    0.000000    0.076319       11.7226    0.000000
s_ascC         1.400458    0.070244     19.9370    0.000000    0.073860       18.9610    0.000000
m_ascA         0.275571    0.046795      5.8889   3.889e-09    0.048365        5.6977   1.214e-08
s_ascA         0.494778    0.072165      6.8562   7.071e-12    0.069340        7.1356   9.639e-13
ascB           0.000000          NA          NA          NA          NA            NA          NA
m_b_TC        -1.579990    0.107105    -14.7517    0.000000    0.119109      -13.2651    0.000000
s_b_TC         1.912953    0.106315     17.9932    0.000000    0.117352       16.3009    0.000000
g_TC           1.000000          NA          NA          NA          NA            NA          NA
m_g_TT        -1.579319    0.121337    -13.0160    0.000000    0.096052      -16.4423    0.000000
s_g_TT         1.250740    0.049509     25.2627    0.000000    0.037694       33.1816    0.000000
m_g_WT        -2.874920    0.184413    -15.5896    0.000000    0.157761      -18.2233    0.000000
s_g_WT         0.575219    0.050342     11.4261    0.000000    0.039763       14.4661    0.000000
m_g_IN        -1.502730    0.063958    -23.4954    0.000000    0.049319      -30.4694    0.000000
s_g_IN         1.857568    0.048673     38.1646    0.000000    0.035231       52.7253    0.000000
bt_age_60up   -0.276960    0.158101     -1.7518    0.079811    0.131073       -2.1130    0.034600
bw_age_60up   -0.440956    0.232472     -1.8968    0.057853    0.164412       -2.6820    0.007318
bt_race_oth   -0.436630    0.102064     -4.2780   1.886e-05    0.091359       -4.7793   1.759e-06
bw_race_oth   -0.247441    0.135189     -1.8303    0.067201    0.092464       -2.6761    0.007449
bt_educ_hsl   -0.023282    0.086455     -0.2693    0.787704    0.060251       -0.3864    0.699193
bw_educ_hsl   -0.115062    0.149541     -0.7694    0.441636    0.105781       -1.0877    0.276711
bt_hh_child    0.149092    0.022902      6.5099   7.522e-11    0.013593       10.9679    0.000000
bt_inc_0050   -0.121280    0.068516     -1.7701    0.076709    0.048896       -2.4804    0.013125
bt_inc_100p   -0.185964    0.086315     -2.1545    0.031203    0.069483       -2.6764    0.007442
bw_pt_subur   -0.249754    0.141373     -1.7666    0.077291    0.107297       -2.3277    0.019929
bt_pt_subsu    0.169243    0.121088      1.3977    0.162207    0.114977        1.4720    0.141028
bt_pt_rural   -0.231094    0.109258     -2.1151    0.034421    0.075726       -3.0517    0.002276
bw_pt_rural   -0.507487    0.147190     -3.4478  5.6509e-04    0.097292       -5.2161   1.827e-07
bt_cmode_pt   -0.032987    0.146406     -0.2253    0.821735    0.111031       -0.2971    0.766390
bt_cmode_at   -2.528274    0.613439     -4.1215   3.765e-05    0.301652       -8.3814    0.000000
bw_cmode_at   -2.773388    1.495719     -1.8542    0.063708    0.742998       -3.7327  1.8944e-04
bt_sat_work    0.146742    0.053526      2.7415    0.006116    0.044520        3.2961  9.8036e-04
bw_sat_work    0.076834    0.079493      0.9665    0.333770    0.058702        1.3089    0.190573
bt_sat_comm   -0.200302    0.038811     -5.1609   2.457e-07    0.031496       -6.3596   2.023e-10
bw_sat_comm   -0.198544    0.049064     -4.0467   5.195e-05    0.032957       -6.0244   1.697e-09
bt_TTPD       -0.004953    0.001452     -3.4107  6.4802e-04    0.001304       -3.7971  1.4637e-04
s_TTWT         1.216163    0.073510     16.5441    0.000000    0.050906       23.8905    0.000000


Overview of choices for MNL model component :
                                       C       A       B
Times available                  6750.00 6750.00 6750.00
Times chosen                     2843.00 2139.00 1768.00
Percentage chosen overall          42.12   31.69   26.19
Percentage chosen when available   42.12   31.69   26.19



Classical covariance matrix:
                 m_ascC      s_ascC      m_ascA      s_ascA      m_b_TC      s_b_TC      m_g_TT      s_g_TT      m_g_WT      s_g_WT
m_ascC         0.005100  5.5324e-04  9.7416e-04  2.8231e-04    0.001067   4.282e-05  -8.866e-05  1.1488e-04 -1.1378e-04   9.156e-05
s_ascC       5.5324e-04    0.004934  2.0605e-04  -3.836e-05  9.7522e-04  6.4132e-04  1.5341e-04   2.425e-05 -2.8278e-04   6.429e-05
m_ascA       9.7416e-04  2.0605e-04    0.002190 -4.0613e-04  2.6127e-04  -6.767e-05   1.260e-05  -1.949e-06  -4.594e-05   1.314e-05
s_ascA       2.8231e-04  -3.836e-05 -4.0613e-04    0.005208  7.6451e-04 -6.4296e-04  -5.174e-05   9.401e-05  1.1903e-04  -6.809e-05
m_b_TC         0.001067  9.7522e-04  2.6127e-04  7.6451e-04    0.011472   -0.006309  -7.276e-05 -4.2523e-04   -0.001735   6.307e-06
s_b_TC        4.282e-05  6.4132e-04  -6.767e-05 -6.4296e-04   -0.006309    0.011303 -2.1394e-04  -4.878e-05 -5.9880e-04  4.9356e-04
m_g_TT       -8.866e-05  1.5341e-04   1.260e-05  -5.174e-05  -7.276e-05 -2.1394e-04    0.014723   -0.002097    0.003063   -0.001096
s_g_TT       1.1488e-04   2.425e-05  -1.949e-06   9.401e-05 -4.2523e-04  -4.878e-05   -0.002097    0.002451   5.806e-05  -7.189e-05
m_g_WT      -1.1378e-04 -2.8278e-04  -4.594e-05  1.1903e-04   -0.001735 -5.9880e-04    0.003063   5.806e-05    0.034008   -0.004138
s_g_WT        9.156e-05   6.429e-05   1.314e-05  -6.809e-05   6.307e-06  4.9356e-04   -0.001096  -7.189e-05   -0.004138    0.002534
m_g_IN       -3.487e-05  -1.926e-05   1.110e-05 -1.0679e-04   -0.001143  5.8042e-04 -3.2448e-04 -5.3115e-04    0.001603 -2.7991e-04
s_g_IN        3.297e-05  1.0826e-04   7.947e-06   9.548e-05  3.5554e-04 -4.8818e-04    0.001119  5.6714e-04  1.1524e-04 -3.6478e-04
bt_age_60up   2.373e-05  2.0441e-04  -8.896e-05   5.004e-05  6.8764e-04  2.7468e-04   -0.002964  8.2162e-04   -0.002640    0.001315
bw_age_60up   1.795e-05  2.2894e-04  -2.983e-05 -1.7462e-04  -3.694e-05    0.001524  3.6293e-04  6.4100e-04   -0.002457  3.3796e-04
bt_race_oth  1.3612e-04 -1.3753e-04   2.766e-05  3.2683e-04 -2.8011e-04 -5.2779e-04 -4.7147e-04  4.4421e-04   -0.001562   8.833e-05
bw_race_oth  1.5835e-04  -7.141e-05  -9.486e-05  4.0662e-04 -1.9120e-04 -8.9002e-04 -5.0364e-04    0.001752   -0.002149 -6.6391e-04
bt_educ_hsl   2.453e-06   8.493e-05   5.387e-05   5.901e-05  8.0167e-04   6.074e-05   -0.003661  4.8011e-04   -0.003781  4.1054e-04
bw_educ_hsl  1.0280e-04  4.3644e-04   7.115e-05   2.346e-05    0.001218    0.001314   -0.003448  8.5969e-04   -0.014906  6.4371e-04
bt_hh_child   2.998e-06  -5.489e-07   1.003e-05  -8.698e-06 -2.1866e-04   4.439e-05 -3.5086e-04  2.9565e-04  3.5935e-04 -1.0976e-04
bt_inc_0050   3.332e-05   8.057e-05   2.172e-05   6.367e-05 -3.0133e-04 -3.9749e-04 -6.6206e-04  4.7210e-04   -0.001520 -3.3028e-04
bt_inc_100p  -2.243e-05  -9.041e-06   3.855e-05  -9.784e-06  4.8782e-04 -2.1926e-04  5.9095e-04 -6.8499e-04   -0.001700   2.225e-05
bw_pt_subur   3.832e-05   6.685e-05   6.914e-05 -1.5294e-04  8.8802e-04  5.9646e-04 -2.2831e-04   -0.001022   -0.015179    0.002078
bt_pt_subsu   1.891e-05  1.1690e-04  -6.609e-05 -2.2769e-04 -3.5207e-04  1.5157e-04   -0.002502    0.001299    0.004844  -1.175e-05
bt_pt_rural  -2.871e-05  -8.556e-05  -7.148e-05  -4.545e-05  2.8234e-04 -5.8743e-04   -0.003390    0.001903    0.001557 -8.6291e-04
bw_pt_rural   5.247e-05 -2.5988e-04   5.934e-05 -1.2816e-04  7.9173e-04 -4.7283e-04   -0.003756 -1.7967e-04   -0.011581    0.001811
bt_cmode_pt  -3.117e-05  -7.463e-05 -1.8323e-04  3.1845e-04  -9.469e-05 -7.9928e-04  5.8805e-04  8.9453e-04    0.003107 -8.3379e-04
bt_cmode_at  2.9481e-04 -2.1299e-04  4.1453e-04  -7.306e-05    0.002461  7.1241e-04  -6.015e-05   -0.001983   -0.001367  7.1102e-04
bw_cmode_at  4.4770e-04  2.3356e-04    0.001350   4.772e-05 -8.1890e-04    0.015654   -0.001103   -0.003871   -0.013489    0.004441
bt_sat_work   2.767e-05  -1.020e-05   1.946e-05   1.426e-05  8.4012e-04   1.589e-05   -0.002925 -2.0598e-04 -3.6027e-04  5.2964e-04
bw_sat_work -1.2567e-04   7.308e-05   3.546e-05  -7.767e-05  8.5879e-04 -6.6190e-04  3.4320e-04 -6.1261e-04   -0.008917 -4.5088e-04
bt_sat_comm  -6.165e-05  -4.290e-05  -4.320e-05  -2.474e-05 -4.1909e-04   7.623e-05 -6.4843e-04 -3.5160e-04 -3.0434e-04 -1.5150e-04
bw_sat_comm   3.467e-05  -3.275e-05   4.363e-05   6.706e-06  2.2345e-04  3.3853e-04 -5.8409e-04 -4.2100e-04   -0.002507  5.8263e-04
bt_TTPD      -9.266e-07  -2.381e-06  -8.695e-07  -1.236e-06  -1.593e-05   9.693e-06  -9.165e-05  -1.122e-05  -3.570e-07   4.876e-06
s_TTWT       1.4625e-04   5.810e-05  -1.113e-05  1.1283e-04   -0.001117  9.4590e-04 -6.5280e-04    0.001151   -0.003318  3.3348e-04
                 m_g_IN      s_g_IN bt_age_60up bw_age_60up bt_race_oth bw_race_oth bt_educ_hsl bw_educ_hsl bt_hh_child bt_inc_0050
m_ascC       -3.487e-05   3.297e-05   2.373e-05   1.795e-05  1.3612e-04  1.5835e-04   2.453e-06  1.0280e-04   2.998e-06   3.332e-05
s_ascC       -1.926e-05  1.0826e-04  2.0441e-04  2.2894e-04 -1.3753e-04  -7.141e-05   8.493e-05  4.3644e-04  -5.489e-07   8.057e-05
m_ascA        1.110e-05   7.947e-06  -8.896e-05  -2.983e-05   2.766e-05  -9.486e-05   5.387e-05   7.115e-05   1.003e-05   2.172e-05
s_ascA      -1.0679e-04   9.548e-05   5.004e-05 -1.7462e-04  3.2683e-04  4.0662e-04   5.901e-05   2.346e-05  -8.698e-06   6.367e-05
m_b_TC        -0.001143  3.5554e-04  6.8764e-04  -3.694e-05 -2.8011e-04 -1.9120e-04  8.0167e-04    0.001218 -2.1866e-04 -3.0133e-04
s_b_TC       5.8042e-04 -4.8818e-04  2.7468e-04    0.001524 -5.2779e-04 -8.9002e-04   6.074e-05    0.001314   4.439e-05 -3.9749e-04
m_g_TT      -3.2448e-04    0.001119   -0.002964  3.6293e-04 -4.7147e-04 -5.0364e-04   -0.003661   -0.003448 -3.5086e-04 -6.6206e-04
s_g_TT      -5.3115e-04  5.6714e-04  8.2162e-04  6.4100e-04  4.4421e-04    0.001752  4.8011e-04  8.5969e-04  2.9565e-04  4.7210e-04
m_g_WT         0.001603  1.1524e-04   -0.002640   -0.002457   -0.001562   -0.002149   -0.003781   -0.014906  3.5935e-04   -0.001520
s_g_WT      -2.7991e-04 -3.6478e-04    0.001315  3.3796e-04   8.833e-05 -6.6391e-04  4.1054e-04  6.4371e-04 -1.0976e-04 -3.3028e-04
m_g_IN         0.004091   -0.002168 -8.9628e-04   -0.003018   -0.001147   -0.002009   -0.001523   -0.001075  3.4643e-04 -3.2025e-04
s_g_IN        -0.002168    0.002369  1.0701e-04    0.001468  7.7129e-04    0.001129  7.3362e-04  6.0994e-04 -1.2298e-04  4.7429e-04
bt_age_60up -8.9628e-04  1.0701e-04    0.024996    0.004150    0.001044    0.001284    0.001919    0.003590  4.7300e-04  2.4328e-04
bw_age_60up   -0.003018    0.001468    0.004150    0.054043  2.1699e-04    0.004198    0.001885    0.002500 -2.5251e-04    0.001112
bt_race_oth   -0.001147  7.7129e-04    0.001044  2.1699e-04    0.010417    0.005153    0.002075   1.129e-05 -2.5265e-04  5.8077e-04
bw_race_oth   -0.002009    0.001129    0.001284    0.004198    0.005153    0.018276    0.001095    0.004956  -6.136e-05  6.4492e-04
bt_educ_hsl   -0.001523  7.3362e-04    0.001919    0.001885    0.002075    0.001095    0.007474    0.005334 -1.3013e-04  4.7904e-04
bw_educ_hsl   -0.001075  6.0994e-04    0.003590    0.002500   1.129e-05    0.004956    0.005334    0.022363  1.5867e-04    0.001027
bt_hh_child  3.4643e-04 -1.2298e-04  4.7300e-04 -2.5251e-04 -2.5265e-04  -6.136e-05 -1.3013e-04  1.5867e-04  5.2452e-04  2.2908e-04
bt_inc_0050 -3.2025e-04  4.7429e-04  2.4328e-04    0.001112  5.8077e-04  6.4492e-04  4.7904e-04    0.001027  2.2908e-04    0.004694
bt_inc_100p   -0.001752  5.0059e-04   -0.001514    0.001648    0.002670  6.2870e-04    0.001983 -2.2508e-04 -6.6517e-04    0.002198
bw_pt_subur  4.2531e-04 -6.1876e-04 -3.7377e-04   -0.002729 -4.5407e-04   -0.003390   3.615e-05    0.003814 -1.6417e-04 -3.1335e-04
bt_pt_subsu -1.7582e-04  2.7348e-04 -8.2763e-04    0.001532   -0.006116   -0.001733   -0.002798 -4.9874e-04  1.0584e-04   -0.001675
bt_pt_rural -8.4288e-04  2.1814e-04   -0.001081 -3.9279e-04   -0.001230    0.002463   -0.001788 -8.5770e-04  1.3355e-04   -0.001445
bw_pt_rural  3.8201e-04 -7.8904e-04   -0.001880   -0.003379    0.001806   -0.004769 -6.1789e-04   -0.004567 -4.7792e-04   -0.001272
bt_cmode_pt   -0.001656  9.2293e-04   -0.001147    0.001115   -0.003441    0.003267  7.8010e-04    0.001126  2.1581e-04  -9.764e-05
bt_cmode_at   -0.001930    0.001496 -6.3846e-04    0.001477    0.003063   -0.002329    0.003243  8.9107e-04   -0.001919  6.3995e-04
bw_cmode_at    0.004044   -0.002782  1.0707e-04   -0.004449 -8.3027e-04   -0.022874    0.001642    0.001018   -0.001392   -0.001974
bt_sat_work -3.6105e-04  -3.488e-05  4.8470e-04 -3.2127e-04 -2.4759e-04 -7.8295e-04    0.001403    0.001428 -3.8116e-04 -7.7818e-04
bw_sat_work  6.0777e-04 -2.2821e-04 -7.4977e-04   -0.001369   -0.001260 -1.0513e-04  6.4362e-04    0.004682   5.996e-05  5.9754e-04
bt_sat_comm    0.001296 -8.6025e-04   4.548e-05 -7.4519e-04   -0.001124 -3.3183e-04   -0.001062 -5.9267e-04  1.4601e-04 -1.6200e-04
bw_sat_comm  9.4188e-04 -6.9312e-04  2.7438e-04   -0.001985   1.745e-05   -0.002583 -3.4511e-04   4.385e-05  -7.577e-05 -3.4953e-04
bt_TTPD       4.909e-05  -3.139e-05  -4.872e-06  -4.362e-05  -2.153e-05  -2.733e-05  -1.546e-05  -1.309e-05   8.686e-07  -2.026e-05
s_TTWT      -2.9342e-04  5.4301e-04  6.8109e-04    0.001915    0.001926    0.001322  6.2069e-04    0.001883  1.0793e-04  9.8147e-04
            bt_inc_100p bw_pt_subur bt_pt_subsu bt_pt_rural bw_pt_rural bt_cmode_pt bt_cmode_at bw_cmode_at bt_sat_work bw_sat_work
m_ascC       -2.243e-05   3.832e-05   1.891e-05  -2.871e-05   5.247e-05  -3.117e-05  2.9481e-04  4.4770e-04   2.767e-05 -1.2567e-04
s_ascC       -9.041e-06   6.685e-05  1.1690e-04  -8.556e-05 -2.5988e-04  -7.463e-05 -2.1299e-04  2.3356e-04  -1.020e-05   7.308e-05
m_ascA        3.855e-05   6.914e-05  -6.609e-05  -7.148e-05   5.934e-05 -1.8323e-04  4.1453e-04    0.001350   1.946e-05   3.546e-05
s_ascA       -9.784e-06 -1.5294e-04 -2.2769e-04  -4.545e-05 -1.2816e-04  3.1845e-04  -7.306e-05   4.772e-05   1.426e-05  -7.767e-05
m_b_TC       4.8782e-04  8.8802e-04 -3.5207e-04  2.8234e-04  7.9173e-04  -9.469e-05    0.002461 -8.1890e-04  8.4012e-04  8.5879e-04
s_b_TC      -2.1926e-04  5.9646e-04  1.5157e-04 -5.8743e-04 -4.7283e-04 -7.9928e-04  7.1241e-04    0.015654   1.589e-05 -6.6190e-04
m_g_TT       5.9095e-04 -2.2831e-04   -0.002502   -0.003390   -0.003756  5.8805e-04  -6.015e-05   -0.001103   -0.002925  3.4320e-04
s_g_TT      -6.8499e-04   -0.001022    0.001299    0.001903 -1.7967e-04  8.9453e-04   -0.001983   -0.003871 -2.0598e-04 -6.1261e-04
m_g_WT        -0.001700   -0.015179    0.004844    0.001557   -0.011581    0.003107   -0.001367   -0.013489 -3.6027e-04   -0.008917
s_g_WT        2.225e-05    0.002078  -1.175e-05 -8.6291e-04    0.001811 -8.3379e-04  7.1102e-04    0.004441  5.2964e-04 -4.5088e-04
m_g_IN        -0.001752  4.2531e-04 -1.7582e-04 -8.4288e-04  3.8201e-04   -0.001656   -0.001930    0.004044 -3.6105e-04  6.0777e-04
s_g_IN       5.0059e-04 -6.1876e-04  2.7348e-04  2.1814e-04 -7.8904e-04  9.2293e-04    0.001496   -0.002782  -3.488e-05 -2.2821e-04
bt_age_60up   -0.001514 -3.7377e-04 -8.2763e-04   -0.001081   -0.001880   -0.001147 -6.3846e-04  1.0707e-04  4.8470e-04 -7.4977e-04
bw_age_60up    0.001648   -0.002729    0.001532 -3.9279e-04   -0.003379    0.001115    0.001477   -0.004449 -3.2127e-04   -0.001369
bt_race_oth    0.002670 -4.5407e-04   -0.006116   -0.001230    0.001806   -0.003441    0.003063 -8.3027e-04 -2.4759e-04   -0.001260
bw_race_oth  6.2870e-04   -0.003390   -0.001733    0.002463   -0.004769    0.003267   -0.002329   -0.022874 -7.8295e-04 -1.0513e-04
bt_educ_hsl    0.001983   3.615e-05   -0.002798   -0.001788 -6.1789e-04  7.8010e-04    0.003243    0.001642    0.001403  6.4362e-04
bw_educ_hsl -2.2508e-04    0.003814 -4.9874e-04 -8.5770e-04   -0.004567    0.001126  8.9107e-04    0.001018    0.001428    0.004682
bt_hh_child -6.6517e-04 -1.6417e-04  1.0584e-04  1.3355e-04 -4.7792e-04  2.1581e-04   -0.001919   -0.001392 -3.8116e-04   5.996e-05
bt_inc_0050    0.002198 -3.1335e-04   -0.001675   -0.001445   -0.001272  -9.764e-05  6.3995e-04   -0.001974 -7.7818e-04  5.9754e-04
bt_inc_100p    0.007450 -7.9275e-04   -0.002487 -7.6670e-04  3.1825e-04  8.5210e-04    0.006290    0.002178 -6.9099e-04   5.526e-05
bw_pt_subur -7.9275e-04    0.019986   -0.002848   -0.003043    0.008483   -0.001686   2.776e-05    0.012968  2.4138e-04    0.004242
bt_pt_subsu   -0.002487   -0.002848    0.014662    0.006042 -8.2803e-04    0.004196 -5.3951e-04   -0.003782    0.001735   -0.001001
bt_pt_rural -7.6670e-04   -0.003043    0.006042    0.011937    0.003370    0.003998   -0.001053   -0.007594    0.001634  2.7365e-04
bw_pt_rural  3.1825e-04    0.008483 -8.2803e-04    0.003370    0.021665   -0.003556    0.002651    0.015421    0.001660    0.002540
bt_cmode_pt  8.5210e-04   -0.001686    0.004196    0.003998   -0.003556    0.021435   7.485e-05   -0.010802  7.6955e-04   -0.001066
bt_cmode_at    0.006290   2.776e-05 -5.3951e-04   -0.001053    0.002651   7.485e-05    0.376307    0.262536    0.002653   -0.001034
bw_cmode_at    0.002178    0.012968   -0.003782   -0.007594    0.015421   -0.010802    0.262536    2.237177    0.002736   7.757e-05
bt_sat_work -6.9099e-04  2.4138e-04    0.001735    0.001634    0.001660  7.6955e-04    0.002653    0.002736    0.002865 -3.5444e-04
bw_sat_work   5.526e-05    0.004242   -0.001001  2.7365e-04    0.002540   -0.001066   -0.001034   7.757e-05 -3.5444e-04    0.006319
bt_sat_comm   -0.001344  5.5624e-04 -4.4440e-04 -7.6142e-04 -1.8979e-04   -0.001312   -0.002595 -3.1511e-04 -6.4236e-04  6.7011e-04
bw_sat_comm -4.8102e-04    0.003349 -6.9852e-04   -0.001434    0.002145   -0.001152  5.3455e-04    0.006570  4.3021e-04   1.634e-05
bt_TTPD      -3.854e-05   3.093e-05   1.630e-06  -2.002e-05   3.763e-05  -6.426e-05  -3.338e-05   7.130e-05  -6.070e-08   1.037e-05
s_TTWT       1.2726e-04   -0.001542 -9.3688e-04  3.1086e-04  8.0063e-04  1.5215e-04  2.1865e-04    0.002026 -2.8149e-04   -0.001464
            bt_sat_comm bw_sat_comm     bt_TTPD      s_TTWT
m_ascC       -6.165e-05   3.467e-05  -9.266e-07  1.4625e-04
s_ascC       -4.290e-05  -3.275e-05  -2.381e-06   5.810e-05
m_ascA       -4.320e-05   4.363e-05  -8.695e-07  -1.113e-05
s_ascA       -2.474e-05   6.706e-06  -1.236e-06  1.1283e-04
m_b_TC      -4.1909e-04  2.2345e-04  -1.593e-05   -0.001117
s_b_TC        7.623e-05  3.3853e-04   9.693e-06  9.4590e-04
m_g_TT      -6.4843e-04 -5.8409e-04  -9.165e-05 -6.5280e-04
s_g_TT      -3.5160e-04 -4.2100e-04  -1.122e-05    0.001151
m_g_WT      -3.0434e-04   -0.002507  -3.570e-07   -0.003318
s_g_WT      -1.5150e-04  5.8263e-04   4.876e-06  3.3348e-04
m_g_IN         0.001296  9.4188e-04   4.909e-05 -2.9342e-04
s_g_IN      -8.6025e-04 -6.9312e-04  -3.139e-05  5.4301e-04
bt_age_60up   4.548e-05  2.7438e-04  -4.872e-06  6.8109e-04
bw_age_60up -7.4519e-04   -0.001985  -4.362e-05    0.001915
bt_race_oth   -0.001124   1.745e-05  -2.153e-05    0.001926
bw_race_oth -3.3183e-04   -0.002583  -2.733e-05    0.001322
bt_educ_hsl   -0.001062 -3.4511e-04  -1.546e-05  6.2069e-04
bw_educ_hsl -5.9267e-04   4.385e-05  -1.309e-05    0.001883
bt_hh_child  1.4601e-04  -7.577e-05   8.686e-07  1.0793e-04
bt_inc_0050 -1.6200e-04 -3.4953e-04  -2.026e-05  9.8147e-04
bt_inc_100p   -0.001344 -4.8102e-04  -3.854e-05  1.2726e-04
bw_pt_subur  5.5624e-04    0.003349   3.093e-05   -0.001542
bt_pt_subsu -4.4440e-04 -6.9852e-04   1.630e-06 -9.3688e-04
bt_pt_rural -7.6142e-04   -0.001434  -2.002e-05  3.1086e-04
bw_pt_rural -1.8979e-04    0.002145   3.763e-05  8.0063e-04
bt_cmode_pt   -0.001312   -0.001152  -6.426e-05  1.5215e-04
bt_cmode_at   -0.002595  5.3455e-04  -3.338e-05  2.1865e-04
bw_cmode_at -3.1511e-04    0.006570   7.130e-05    0.002026
bt_sat_work -6.4236e-04  4.3021e-04  -6.070e-08 -2.8149e-04
bw_sat_work  6.7011e-04   1.634e-05   1.037e-05   -0.001464
bt_sat_comm    0.001506  3.9497e-04   3.640e-05 -3.4764e-04
bw_sat_comm  3.9497e-04    0.002407   1.474e-05 -3.3207e-04
bt_TTPD       3.640e-05   1.474e-05   2.109e-06  -1.199e-05
s_TTWT      -3.4764e-04 -3.3207e-04  -1.199e-05    0.005404

Robust covariance matrix:
                 m_ascC      s_ascC      m_ascA      s_ascA      m_b_TC      s_b_TC      m_g_TT      s_g_TT      m_g_WT      s_g_WT
m_ascC         0.005825  7.7320e-04    0.001292  7.3382e-04    0.002761 -5.9638e-04 -1.7121e-04  1.4569e-04 -2.5956e-04  1.0252e-04
s_ascC       7.7320e-04    0.005455   1.878e-05 -1.8747e-04  8.6630e-04    0.001720  -8.667e-05  1.9949e-04   -0.001532  3.6420e-04
m_ascA         0.001292   1.878e-05    0.002339 -1.1827e-04 -1.2790e-04  2.4572e-04   9.200e-06  -1.653e-06  1.5336e-04  -1.686e-05
s_ascA       7.3382e-04 -1.8747e-04 -1.1827e-04    0.004808  8.2280e-04 -9.7358e-04  3.3488e-04  1.4503e-04  4.5420e-04 -1.4967e-04
m_b_TC         0.002761  8.6630e-04 -1.2790e-04  8.2280e-04    0.014187   -0.008231  3.1575e-04 -3.5785e-04   -0.002409  -4.307e-05
s_b_TC      -5.9638e-04    0.001720  2.4572e-04 -9.7358e-04   -0.008231    0.013772   -0.002435  6.1148e-04   -0.003055    0.001410
m_g_TT      -1.7121e-04  -8.667e-05   9.200e-06  3.3488e-04  3.1575e-04   -0.002435    0.009226   -0.001239    0.002241   -0.001110
s_g_TT       1.4569e-04  1.9949e-04  -1.653e-06  1.4503e-04 -3.5785e-04  6.1148e-04   -0.001239    0.001421  2.9202e-04 -1.6903e-04
m_g_WT      -2.5956e-04   -0.001532  1.5336e-04  4.5420e-04   -0.002409   -0.003055    0.002241  2.9202e-04    0.024889   -0.003890
s_g_WT       1.0252e-04  3.6420e-04  -1.686e-05 -1.4967e-04  -4.307e-05    0.001410   -0.001110 -1.6903e-04   -0.003890    0.001581
m_g_IN      -1.7201e-04 -1.6077e-04  -3.358e-06 -1.8292e-04   -0.001515  5.9202e-04   -0.001137 -3.2421e-04    0.001082 -1.4340e-04
s_g_IN        4.002e-05   8.740e-05   3.598e-05  1.6082e-04  9.7405e-04 -9.3253e-04    0.001325  2.9350e-04  6.4289e-04 -3.9345e-04
bt_age_60up -2.7748e-04  9.3004e-04 -3.1055e-04 -3.8374e-04    0.001217    0.001925   -0.003160  7.2979e-04   -0.003022    0.001739
bw_age_60up  2.4234e-04  4.5952e-04   1.697e-05  5.2727e-04 -8.5949e-04    0.001468    0.001876  8.7421e-04   -0.002864 -4.6767e-04
bt_race_oth  1.9754e-04  -1.338e-05  2.6638e-04  4.3033e-04 -2.7184e-04   -0.001011 -1.6652e-04  4.9927e-04   -0.002320  -3.622e-06
bw_race_oth  1.0276e-04 -1.2779e-04  -1.916e-05  7.8878e-04 -2.9440e-04   -0.001159  3.6020e-04    0.001426   -0.001251 -6.7563e-04
bt_educ_hsl  2.7992e-04  3.2408e-04  1.3774e-04  -1.142e-05    0.001022    0.001190   -0.002194  3.8575e-04   -0.003562  4.9666e-04
bw_educ_hsl  1.7756e-04  9.7119e-04 -1.6338e-04 -1.1835e-04    0.001846    0.002461   -0.002772  8.5324e-04   -0.010249  9.9326e-04
bt_hh_child  -4.347e-06  -2.077e-05   1.659e-06   2.905e-05 -3.4568e-04   9.252e-05 -1.8767e-04  2.4728e-04  3.8319e-04 -1.9490e-04
bt_inc_0050  1.3674e-04  -5.074e-05   6.749e-05  2.2148e-04 -2.0071e-04 -7.8489e-04  7.8229e-04  3.8725e-04 -6.5486e-04 -6.3566e-04
bt_inc_100p  2.1472e-04  -1.755e-05  1.3275e-04   8.689e-05  3.9770e-04 -3.2405e-04    0.001998 -5.4599e-04   -0.002313 -1.2784e-04
bw_pt_subur   4.807e-06  7.9816e-04  -5.470e-05 -3.7659e-04    0.001099    0.001434   -0.001373 -8.9231e-04   -0.012776    0.002547
bt_pt_subsu -4.1501e-04 -1.4947e-04 -3.6153e-04 -3.4316e-04 -1.0515e-04  2.1912e-04   -0.001131  3.7552e-04    0.006253  -8.857e-05
bt_pt_rural -1.8358e-04 -2.4434e-04 -2.5245e-04  -2.049e-05  6.5338e-04 -7.3018e-04   -0.002243    0.001200    0.003498 -7.8468e-04
bw_pt_rural   1.368e-05  2.7077e-04   5.039e-05 -4.7189e-04    0.001266  5.5107e-04   -0.003073 -6.1029e-04   -0.008724    0.002099
bt_cmode_pt -1.7185e-04 -4.7624e-04 -2.0696e-04  4.8725e-04  -5.964e-05   -0.001435    0.001803  3.6384e-04    0.003897 -7.0400e-04
bt_cmode_at -2.8932e-04 -1.5007e-04  1.0817e-04   -0.001128    0.003437  8.2722e-04  6.9359e-04   -0.001736   -0.002845    0.001062
bw_cmode_at    0.003341    0.003916  9.2478e-04   -0.001370   4.684e-05    0.023208   -0.007356   -0.003256   -0.019218    0.007105
bt_sat_work   3.272e-05  -2.021e-05  -2.154e-05 -1.1323e-04    0.001369   7.700e-05   -0.002293 -1.3653e-04  2.5965e-04  5.7706e-04
bw_sat_work -1.5813e-04   6.542e-05 -1.0569e-04 -1.4422e-04    0.001306   -0.001209  8.5583e-04 -4.5240e-04   -0.004789 -3.4384e-04
bt_sat_comm -1.2806e-04 -1.0657e-04  -5.337e-05  -9.254e-05 -7.9862e-04  1.2808e-04 -5.9536e-04 -2.1083e-04 -1.1756e-04  -2.311e-05
bw_sat_comm   7.455e-05  1.3776e-04   5.218e-05 -1.3872e-04  3.4147e-04  6.7091e-04 -7.6691e-04 -3.6118e-04   -0.002162  6.7793e-04
bt_TTPD      -3.762e-06  -1.810e-06  -3.204e-07  -7.509e-06  -2.921e-05   2.499e-05  -7.419e-05  -8.916e-06  -1.155e-05   9.927e-06
s_TTWT       1.4159e-04  2.8520e-04   6.181e-05  1.6322e-04   -0.001323    0.001978   -0.001004  7.6426e-04   -0.002128  4.2277e-04
                 m_g_IN      s_g_IN bt_age_60up bw_age_60up bt_race_oth bw_race_oth bt_educ_hsl bw_educ_hsl bt_hh_child bt_inc_0050
m_ascC      -1.7201e-04   4.002e-05 -2.7748e-04  2.4234e-04  1.9754e-04  1.0276e-04  2.7992e-04  1.7756e-04  -4.347e-06  1.3674e-04
s_ascC      -1.6077e-04   8.740e-05  9.3004e-04  4.5952e-04  -1.338e-05 -1.2779e-04  3.2408e-04  9.7119e-04  -2.077e-05  -5.074e-05
m_ascA       -3.358e-06   3.598e-05 -3.1055e-04   1.697e-05  2.6638e-04  -1.916e-05  1.3774e-04 -1.6338e-04   1.659e-06   6.749e-05
s_ascA      -1.8292e-04  1.6082e-04 -3.8374e-04  5.2727e-04  4.3033e-04  7.8878e-04  -1.142e-05 -1.1835e-04   2.905e-05  2.2148e-04
m_b_TC        -0.001515  9.7405e-04    0.001217 -8.5949e-04 -2.7184e-04 -2.9440e-04    0.001022    0.001846 -3.4568e-04 -2.0071e-04
s_b_TC       5.9202e-04 -9.3253e-04    0.001925    0.001468   -0.001011   -0.001159    0.001190    0.002461   9.252e-05 -7.8489e-04
m_g_TT        -0.001137    0.001325   -0.003160    0.001876 -1.6652e-04  3.6020e-04   -0.002194   -0.002772 -1.8767e-04  7.8229e-04
s_g_TT      -3.2421e-04  2.9350e-04  7.2979e-04  8.7421e-04  4.9927e-04    0.001426  3.8575e-04  8.5324e-04  2.4728e-04  3.8725e-04
m_g_WT         0.001082  6.4289e-04   -0.003022   -0.002864   -0.002320   -0.001251   -0.003562   -0.010249  3.8319e-04 -6.5486e-04
s_g_WT      -1.4340e-04 -3.9345e-04    0.001739 -4.6767e-04  -3.622e-06 -6.7563e-04  4.9666e-04  9.9326e-04 -1.9490e-04 -6.3566e-04
m_g_IN         0.002432   -0.001332 -5.8817e-04   -0.002715   -0.001230   -0.001752   -0.001374   -0.001059  2.4553e-04 -5.4760e-04
s_g_IN        -0.001332    0.001241  -8.088e-05    0.001668  7.5540e-04    0.001115  5.3296e-04  2.8377e-04  -7.373e-05  6.2240e-04
bt_age_60up -5.8817e-04  -8.088e-05    0.017180   -0.008656 -7.6774e-04    0.001233  9.5991e-04    0.004699   2.352e-05   -0.001139
bw_age_60up   -0.002715    0.001668   -0.008656    0.027031    0.001429    0.003060    0.002289    0.002019  -2.364e-05    0.002503
bt_race_oth   -0.001230  7.5540e-04 -7.6774e-04    0.001429    0.008346    0.003861    0.002452  3.1686e-04 -1.3981e-04    0.001438
bw_race_oth   -0.001752    0.001115    0.001233    0.003060    0.003861    0.008550    0.001205    0.003334  1.0256e-04    0.001154
bt_educ_hsl   -0.001374  5.3296e-04  9.5991e-04    0.002289    0.002452    0.001205    0.003630    0.002851 -1.1311e-04  8.7218e-04
bw_educ_hsl   -0.001059  2.8377e-04    0.004699    0.002019  3.1686e-04    0.003334    0.002851    0.011190  1.0315e-04  5.3935e-04
bt_hh_child  2.4553e-04  -7.373e-05   2.352e-05  -2.364e-05 -1.3981e-04  1.0256e-04 -1.1311e-04  1.0315e-04  1.8478e-04  2.5398e-04
bt_inc_0050 -5.4760e-04  6.2240e-04   -0.001139    0.002503    0.001438    0.001154  8.7218e-04  5.3935e-04  2.5398e-04    0.002391
bt_inc_100p   -0.001957  9.1712e-04   -0.002882    0.003708    0.002866  8.2548e-04    0.001944   3.845e-05 -3.1142e-04    0.001689
bw_pt_subur  5.1178e-04   -0.001007  -2.442e-05 -4.8617e-04  -1.962e-05   -0.001913  5.7452e-04    0.003491 -3.0284e-04 -8.8476e-04
bt_pt_subsu  5.3373e-04  -3.727e-05    0.002018   -0.001557   -0.007934   -0.003236   -0.003134   -0.001430  -1.044e-05   -0.002568
bt_pt_rural -4.5038e-04  3.5511e-04  9.8111e-04   -0.001087   -0.001894    0.001099 -5.7451e-04   3.012e-05   9.171e-05 -9.3668e-04
bw_pt_rural  6.0312e-04 -9.8168e-04 -9.9003e-04   -0.001819    0.001317   -0.003067  8.2195e-04   -0.001019 -4.4496e-04   -0.001143
bt_cmode_pt   -0.001764    0.001163   -0.001128    0.001499   -0.002561    0.001045  -5.846e-05 -2.6642e-04  -2.606e-05 -1.1745e-04
bt_cmode_at   -0.003283    0.001988  -3.106e-06    0.002121    0.003177   -0.001194    0.003741    0.001062   -0.001401   5.323e-05
bw_cmode_at    0.003080   -0.003447    0.004312   -0.004992 -7.0183e-04   -0.017473    0.004389    0.004322   -0.001465   -0.004555
bt_sat_work -2.3097e-04  -4.739e-05    0.001771   -0.001489 -6.0212e-04 -8.3278e-04  7.1857e-04  6.2894e-04 -2.5875e-04   -0.001027
bw_sat_work  4.9418e-04 -1.6900e-04   -0.001081  -4.419e-05 -9.6259e-04 -4.1804e-04 -1.1461e-04    0.002126   8.358e-05  6.0794e-04
bt_sat_comm    0.001283 -8.2517e-04  1.2090e-04   -0.001227 -8.6651e-04 -4.8504e-04 -9.2845e-04 -3.0815e-04  1.4287e-04 -2.8545e-04
bw_sat_comm  6.0148e-04 -5.3401e-04  4.4195e-04   -0.001475  -9.564e-05   -0.001649  -1.069e-05  2.8958e-04  -9.302e-05 -5.7114e-04
bt_TTPD       5.153e-05  -3.482e-05   6.139e-06  -6.178e-05  -2.527e-05  -3.664e-05  -1.742e-05  -6.321e-06   2.162e-06  -2.621e-05
s_TTWT      -3.3525e-04  1.1263e-04  9.4527e-04    0.001677    0.002125    0.001759    0.001142    0.001528  1.1346e-04  6.6391e-04
            bt_inc_100p bw_pt_subur bt_pt_subsu bt_pt_rural bw_pt_rural bt_cmode_pt bt_cmode_at bw_cmode_at bt_sat_work bw_sat_work
m_ascC       2.1472e-04   4.807e-06 -4.1501e-04 -1.8358e-04   1.368e-05 -1.7185e-04 -2.8932e-04    0.003341   3.272e-05 -1.5813e-04
s_ascC       -1.755e-05  7.9816e-04 -1.4947e-04 -2.4434e-04  2.7077e-04 -4.7624e-04 -1.5007e-04    0.003916  -2.021e-05   6.542e-05
m_ascA       1.3275e-04  -5.470e-05 -3.6153e-04 -2.5245e-04   5.039e-05 -2.0696e-04  1.0817e-04  9.2478e-04  -2.154e-05 -1.0569e-04
s_ascA        8.689e-05 -3.7659e-04 -3.4316e-04  -2.049e-05 -4.7189e-04  4.8725e-04   -0.001128   -0.001370 -1.1323e-04 -1.4422e-04
m_b_TC       3.9770e-04    0.001099 -1.0515e-04  6.5338e-04    0.001266  -5.964e-05    0.003437   4.684e-05    0.001369    0.001306
s_b_TC      -3.2405e-04    0.001434  2.1912e-04 -7.3018e-04  5.5107e-04   -0.001435  8.2722e-04    0.023208   7.700e-05   -0.001209
m_g_TT         0.001998   -0.001373   -0.001131   -0.002243   -0.003073    0.001803  6.9359e-04   -0.007356   -0.002293  8.5583e-04
s_g_TT      -5.4599e-04 -8.9231e-04  3.7552e-04    0.001200 -6.1029e-04  3.6384e-04   -0.001736   -0.003256 -1.3653e-04 -4.5240e-04
m_g_WT        -0.002313   -0.012776    0.006253    0.003498   -0.008724    0.003897   -0.002845   -0.019218  2.5965e-04   -0.004789
s_g_WT      -1.2784e-04    0.002547  -8.857e-05 -7.8468e-04    0.002099 -7.0400e-04    0.001062    0.007105  5.7706e-04 -3.4384e-04
m_g_IN        -0.001957  5.1178e-04  5.3373e-04 -4.5038e-04  6.0312e-04   -0.001764   -0.003283    0.003080 -2.3097e-04  4.9418e-04
s_g_IN       9.1712e-04   -0.001007  -3.727e-05  3.5511e-04 -9.8168e-04    0.001163    0.001988   -0.003447  -4.739e-05 -1.6900e-04
bt_age_60up   -0.002882  -2.442e-05    0.002018  9.8111e-04 -9.9003e-04   -0.001128  -3.106e-06    0.004312    0.001771   -0.001081
bw_age_60up    0.003708 -4.8617e-04   -0.001557   -0.001087   -0.001819    0.001499    0.002121   -0.004992   -0.001489  -4.419e-05
bt_race_oth    0.002866  -1.962e-05   -0.007934   -0.001894    0.001317   -0.002561    0.003177 -7.0183e-04 -6.0212e-04 -9.6259e-04
bw_race_oth  8.2548e-04   -0.001913   -0.003236    0.001099   -0.003067    0.001045   -0.001194   -0.017473 -8.3278e-04 -4.1804e-04
bt_educ_hsl    0.001944  5.7452e-04   -0.003134 -5.7451e-04  8.2195e-04  -5.846e-05    0.003741    0.004389  7.1857e-04 -1.1461e-04
bw_educ_hsl   3.845e-05    0.003491   -0.001430   3.012e-05   -0.001019 -2.6642e-04    0.001062    0.004322  6.2894e-04    0.002126
bt_hh_child -3.1142e-04 -3.0284e-04  -1.044e-05   9.171e-05 -4.4496e-04  -2.606e-05   -0.001401   -0.001465 -2.5875e-04   8.358e-05
bt_inc_0050    0.001689 -8.8476e-04   -0.002568 -9.3668e-04   -0.001143 -1.1745e-04   5.323e-05   -0.004555   -0.001027  6.0794e-04
bt_inc_100p    0.004828 -1.1255e-04   -0.003946   -0.001569  3.2772e-04  5.5922e-04    0.005149  7.8110e-04 -8.8986e-04  3.7144e-04
bw_pt_subur -1.1255e-04    0.011513   -0.001900   -0.002676    0.006793   -0.002507  8.4206e-04    0.015004  2.9570e-04    0.002724
bt_pt_subsu   -0.003946   -0.001900    0.013220    0.005023   -0.001363    0.003712   -0.001461   -0.003210    0.002046 -7.7589e-04
bt_pt_rural   -0.001569   -0.002676    0.005023    0.005734 -6.1139e-04    0.002534   -0.001013   -0.007936    0.001431 -3.5816e-04
bw_pt_rural  3.2772e-04    0.006793   -0.001363 -6.1139e-04    0.009466   -0.002962    0.002722    0.016468    0.001156    0.001197
bt_cmode_pt  5.5922e-04   -0.002507    0.003712    0.002534   -0.002962    0.012328  4.7511e-04   -0.011157  4.3453e-04 -8.9594e-04
bt_cmode_at    0.005149  8.4206e-04   -0.001461   -0.001013    0.002722  4.7511e-04    0.090994    0.048054    0.002504 -9.7728e-04
bw_cmode_at  7.8110e-04    0.015004   -0.003210   -0.007936    0.016468   -0.011157    0.048054    0.552046    0.004346   -0.001200
bt_sat_work -8.8986e-04  2.9570e-04    0.002046    0.001431    0.001156  4.3453e-04    0.002504    0.004346    0.001982 -7.7482e-04
bw_sat_work  3.7144e-04    0.002724 -7.7589e-04 -3.5816e-04    0.001197 -8.9594e-04 -9.7728e-04   -0.001200 -7.7482e-04    0.003446
bt_sat_comm   -0.001211  5.2095e-04   6.242e-05 -4.4081e-04  1.7493e-04   -0.001132   -0.002677  -7.151e-05 -3.6390e-04  5.1018e-04
bw_sat_comm -4.0665e-04    0.002306 -2.2163e-04 -9.2945e-04    0.001907   -0.001080  4.5113e-04    0.007316  3.9958e-04  2.2215e-04
bt_TTPD      -4.712e-05   3.981e-05   1.441e-05  -6.572e-06   4.334e-05  -5.254e-05  -5.389e-05  1.2329e-04   7.924e-06   8.054e-06
s_TTWT       3.2321e-04 -5.4709e-04   -0.002164 -3.0028e-04  1.7075e-04 -5.0252e-04  1.1893e-04    0.002958 -1.4318e-04   -0.001123
            bt_sat_comm bw_sat_comm     bt_TTPD      s_TTWT
m_ascC      -1.2806e-04   7.455e-05  -3.762e-06  1.4159e-04
s_ascC      -1.0657e-04  1.3776e-04  -1.810e-06  2.8520e-04
m_ascA       -5.337e-05   5.218e-05  -3.204e-07   6.181e-05
s_ascA       -9.254e-05 -1.3872e-04  -7.509e-06  1.6322e-04
m_b_TC      -7.9862e-04  3.4147e-04  -2.921e-05   -0.001323
s_b_TC       1.2808e-04  6.7091e-04   2.499e-05    0.001978
m_g_TT      -5.9536e-04 -7.6691e-04  -7.419e-05   -0.001004
s_g_TT      -2.1083e-04 -3.6118e-04  -8.916e-06  7.6426e-04
m_g_WT      -1.1756e-04   -0.002162  -1.155e-05   -0.002128
s_g_WT       -2.311e-05  6.7793e-04   9.927e-06  4.2277e-04
m_g_IN         0.001283  6.0148e-04   5.153e-05 -3.3525e-04
s_g_IN      -8.2517e-04 -5.3401e-04  -3.482e-05  1.1263e-04
bt_age_60up  1.2090e-04  4.4195e-04   6.139e-06  9.4527e-04
bw_age_60up   -0.001227   -0.001475  -6.178e-05    0.001677
bt_race_oth -8.6651e-04  -9.564e-05  -2.527e-05    0.002125
bw_race_oth -4.8504e-04   -0.001649  -3.664e-05    0.001759
bt_educ_hsl -9.2845e-04  -1.069e-05  -1.742e-05    0.001142
bw_educ_hsl -3.0815e-04  2.8958e-04  -6.321e-06    0.001528
bt_hh_child  1.4287e-04  -9.302e-05   2.162e-06  1.1346e-04
bt_inc_0050 -2.8545e-04 -5.7114e-04  -2.621e-05  6.6391e-04
bt_inc_100p   -0.001211 -4.0665e-04  -4.712e-05  3.2321e-04
bw_pt_subur  5.2095e-04    0.002306   3.981e-05 -5.4709e-04
bt_pt_subsu   6.242e-05 -2.2163e-04   1.441e-05   -0.002164
bt_pt_rural -4.4081e-04 -9.2945e-04  -6.572e-06 -3.0028e-04
bw_pt_rural  1.7493e-04    0.001907   4.334e-05  1.7075e-04
bt_cmode_pt   -0.001132   -0.001080  -5.254e-05 -5.0252e-04
bt_cmode_at   -0.002677  4.5113e-04  -5.389e-05  1.1893e-04
bw_cmode_at  -7.151e-05    0.007316  1.2329e-04    0.002958
bt_sat_work -3.6390e-04  3.9958e-04   7.924e-06 -1.4318e-04
bw_sat_work  5.1018e-04  2.2215e-04   8.054e-06   -0.001123
bt_sat_comm  9.9199e-04  2.3901e-04   3.211e-05 -2.3530e-04
bw_sat_comm  2.3901e-04    0.001086   1.798e-05 -1.7658e-04
bt_TTPD       3.211e-05   1.798e-05   1.701e-06  -8.078e-06
s_TTWT      -2.3530e-04 -1.7658e-04  -8.078e-06    0.002591

Classical correlation matrix:
                 m_ascC      s_ascC      m_ascA      s_ascA      m_b_TC      s_b_TC      m_g_TT      s_g_TT      m_g_WT      s_g_WT
m_ascC         1.000000    0.110291    0.291516    0.054782    0.139464    0.005640   -0.010232    0.032493   -0.008640    0.025467
s_ascC         0.110291    1.000000    0.062685   -0.007567    0.129622    0.085875    0.017999    0.006972   -0.021830    0.018180
m_ascA         0.291516    0.062685    1.000000   -0.120264    0.052129   -0.013602    0.002219 -8.4111e-04   -0.005323    0.005577
s_ascA         0.054782   -0.007567   -0.120264    1.000000    0.098911   -0.083804   -0.005909    0.026313    0.008944   -0.018742
m_b_TC         0.139464    0.129622    0.052129    0.098911    1.000000   -0.554086   -0.005599   -0.080191   -0.087816    0.001170
s_b_TC         0.005640    0.085875   -0.013602   -0.083804   -0.554086    1.000000   -0.016584   -0.009268   -0.030542    0.092216
m_g_TT        -0.010232    0.017999    0.002219   -0.005909   -0.005599   -0.016584    1.000000   -0.349060    0.136901   -0.179411
s_g_TT         0.032493    0.006972 -8.4111e-04    0.026313   -0.080191   -0.009268   -0.349060    1.000000    0.006360   -0.028842
m_g_WT        -0.008640   -0.021830   -0.005323    0.008944   -0.087816   -0.030542    0.136901    0.006360    1.000000   -0.445728
s_g_WT         0.025467    0.018180    0.005577   -0.018742    0.001170    0.092216   -0.179411   -0.028842   -0.445728    1.000000
